9.37366590468899E-021,2.58345864201424E-020,5.33466029671309E-020,9.77762499726228E-020,1.67670938435402E-019,2.75254187982604E-019,4.37589724438415E-019,6.776983009243E-019,1.02502451765019E-018,1.51380883778039E-018,2.17614571772483E-018,3.02285030968515E-018,3.9978234813112E-018,3.63603635961387E-018,3.15438665653887E-018,2.6544869974954E-018,2.18770042201027E-018,1.77631045196783E-018,1.4264919287608E-018,1.13605312088108E-018,8.98925428946077E-019,7.07673947463912E-019,5.54829536497891E-019,4.33535938419998E-019,3.37810735190406E-019,2.62597800889396E-019,2.03714751908322E-019,1.57754174928883E-019,1.21970843355739E-019,9.41716145257038E-020,7.26158279480623E-020,5.59291003335482E-020,4.30308003438993E-020,3.30742030040409E-020,2.53977872885391E-020
1.06765493116367E-020,2.92420039477766E-020,6.00042016604873E-020,1.09285189942301E-019,1.86218148066559E-019,3.03751668565073E-019,4.79800300094467E-019,7.38304573693007E-019,1.10956896920793E-018,1.6284022742178E-018,2.32683474508378E-018,3.21463034314603E-018,4.23368642229512E-018,3.86562310859842E-018,3.37090212219521E-018,2.85299751125688E-018,2.36545172295631E-018,1.932412018728E-018,1.56141816472991E-018,1.25116290496511E-018,9.96073425928912E-019,7.88926408897314E-019,6.22272229535189E-019,4.8915428602654E-019,3.83422546106373E-019,2.99822188664944E-019,2.33964667827646E-019,1.82243439890856E-019,1.41729350254704E-019,1.10064473096413E-019,8.5363738916249E-020,6.61283022352788E-020,5.11716482195381E-020,3.95579095463105E-020,3.05511575434353E-020
1.20845427117069E-020,3.29031796366632E-020,6.71165528225554E-020,1.21509782623566E-019,2.05806125096607E-019,3.33677541502391E-019,5.23878413518539E-019,8.0124586580678E-019,1.19690831916039E-018,1.74619950070643E-018,2.48105037172942E-018,3.4101745201403E-018,4.47352501340252E-018,4.09960631305532E-018,3.5922802085002E-018,3.05678042509438E-018,2.54875225449561E-018,2.09417338644054E-018,1.70195042451729E-018,1.37168394522255E-018,1.09832981492275E-018,8.74910606066146E-019,6.94027265282096E-019,5.4864852117161E-019,4.32476493913997E-019,3.40071895691196E-019,2.66849499131538E-019,2.09009283854764E-019,1.63440884364294E-019,1.27622155609907E-019,9.95226790909985E-020,7.75172184063314E-020,6.03108522655443E-020,4.68757461860495E-020,3.63986466427911E-020
1.35999108435785E-020,3.68221582467456E-020,7.46883808977845E-020,1.34453547282719E-019,2.26434412600793E-019,3.65023772967617E-019,5.69804357465405E-019,8.66486927743616E-019,1.28698925406854E-018,1.86712918742269E-018,2.63870633308657E-018,3.60938600717852E-018,4.71723292769639E-018,4.33786610516323E-018,3.81838818383762E-018,3.26569789693965E-018,2.73747000427121E-018,2.26147857167597E-018,1.84799603742283E-018,1.49755065884859E-018,1.20565673341923E-018,9.65614667437086E-019,7.70105520391354E-019,6.12048250301189E-019,4.85016683622199E-019,3.83401467126956E-019,3.02430580621839E-019,2.38116708362588E-019,1.87171556691698E-019,1.46909875358934E-019,1.15155459440759E-019,9.01551914820683E-020,7.05035895837373E-020,5.50783273258991E-020,4.29861454930271E-020
1.52247586258618E-020,4.10026270032675E-020,8.27238464802558E-020,1.48119276647692E-019,2.48101785277896E-019,3.97781736000019E-019,6.1755831859142E-019,9.33993255076093E-019,1.37976037226232E-018,1.99112319828933E-018,2.79972063223944E-018,3.81217287374681E-018,4.96470918091858E-018,4.58028865181027E-018,4.04909980345429E-018,3.47961815111627E-018,2.93147763460112E-018,2.43421419738061E-018,1.99946261445182E-018,1.6286955333822E-018,1.31801253922262E-018,1.06102157538469E-018,8.50511865719452E-019,6.79376678858089E-019,5.41080811102344E-019,4.29859327596305E-019,3.40763623192607E-019,2.69625716854558E-019,2.12983169907889E-019,1.67989240277759E-019,1.32321964626762E-019,1.04099267645737E-019,8.18033060066383E-020,6.42150288426338E-020,5.03587248077183E-020
1.69610414061928E-020,4.54479428245781E-020,9.12265964732037E-020,1.62509112584989E-019,2.70806346240904E-019,4.3194231297736E-019,6.67120456369497E-019,1.00373110235954E-018,1.47517208892263E-018,2.11811636132782E-018,2.9640151902722E-018,4.01844767631094E-018,5.21585768147288E-018,4.82676564597978E-018,4.28429478502486E-018,3.69841505088132E-018,3.13065225404479E-018,2.61226951041478E-018,2.15625830127245E-018,1.76504956523792E-018,1.43535236719826E-018,1.16110977341967E-018,9.35245766329179E-019,7.50651160971656E-019,6.00700634572488E-019,4.79488160051451E-019,3.81898996397712E-019,3.03591505073728E-019,2.40933325841325E-019,1.9091828966445E-019,1.51079132255368E-019,1.19404131627782E-019,9.42616191415821E-020,7.43338700532367E-020,5.85605052057517E-020
1.88105745915405E-020,5.01611573867313E-020,1.00199809462756E-019,1.77624613427086E-019,2.94545611599963E-019,4.67495983084392E-019,7.18470967345204E-019,1.07566748818725E-018,1.57317654498983E-018,2.24804626072736E-018,3.1315155355818E-018,4.22812709083824E-018,5.47058683271597E-018,5.07719385728807E-018,4.52385834234161E-018,3.92196771107372E-018,3.33487519865841E-018,2.79553637599204E-018,2.31829198129332E-018,1.90654263184629E-018,1.55762861394882E-018,1.26585370474426E-018,1.02430182257157E-018,8.2588370354563E-019,6.63902415011164E-019,5.32325267570673E-019,4.25882006307979E-019,3.40064656858881E-019,2.71075545996548E-019,2.1575154917381E-019,1.71480953502248E-019,1.36122064373899E-019,1.07928243950836E-019,8.54814170225824E-020,6.76345467303815E-020
2.0775042675772E-020,5.51450401846209E-020,1.09646236789646E-019,1.9346681396007E-019,3.19316584523427E-019,5.04432897112418E-019,7.71590137355398E-019,1.14977019350486E-018,1.67372752027223E-018,2.38085304819457E-018,3.30215052677695E-018,4.44113158676907E-018,5.72880917994423E-018,5.33147473306904E-018,4.76768076911808E-018,4.1501601463815E-018,3.54403182365111E-018,2.98390925467677E-018,2.48547343789569E-018,2.05310380782016E-018,1.68479136044103E-018,1.37522429051376E-018,1.11767025831388E-018,9.05081428320531E-019,7.30707326759048E-019,5.88402917413495E-019,4.72753166519771E-019,3.79091342214092E-019,3.03459401456171E-019,2.42540100280782E-019,1.93578491436602E-019,1.5430292004157E-019,1.22850937986281E-019,9.77027048534568E-020,7.76227559649996E-020
2.28560076871821E-020,6.04020997445688E-020,1.19568239755389E-019,2.10036278950371E-019,3.45115820207586E-019,5.4274294152816E-019,8.26458383833588E-019,1.22600775481144E-018,1.77678035092469E-018,2.51647927144844E-018,3.47585210465437E-018,4.65738513659014E-018,5.99044109577906E-018,5.58951404288457E-018,5.01565706619807E-018,4.38288095129359E-018,3.75801130571808E-018,3.17728516633042E-018,2.65771348313432E-018,2.2046616337889E-018,1.8167887410832E-018,1.48918935508821E-018,1.21533736176684E-018,9.88246995323661E-019,8.0113183977081E-019,6.47748667122168E-019,5.22548460802122E-019,4.20713515234286E-019,3.38130649207832E-019,2.71331661036244E-019,2.17419913900944E-019,1.73994119400573E-019,1.39075463697834E-019,1.11041176791323E-019,8.85658090168249E-020
2.50549170828228E-020,6.59346031359793E-020,1.29967823355275E-019,2.27333150975868E-019,3.71939482972228E-019,5.82415793426917E-019,8.83056289930716E-019,1.3043494535177E-018,1.8822918513281E-018,2.65486971798803E-018,3.65255506945736E-018,4.87681495614054E-018,6.255402498708E-018,5.85122156053102E-018,5.26768660652184E-018,4.62002300828722E-018,3.97670645602967E-018,3.37556364442177E-018,2.83492405885244E-018,2.36114434509705E-018,1.95356726648154E-018,1.6077140046102E-018,1.31728588379816E-018,1.07537899092012E-018,8.75188075087979E-019,7.10385672796031E-019,5.75299596353148E-019,4.6496911002068E-019,3.751313725012E-019,3.02170675463173E-019,2.43050538259783E-019,1.9524065708504E-019,1.56645565515052E-019,1.25538638167028E-019,1.00503088749167E-019
2.73731111187636E-020,7.17445939209666E-020,1.40846666889937E-019,2.45357193228374E-019,3.99783396520204E-019,6.23440967720417E-019,9.4136463186372E-019,1.38476530245384E-018,1.99022024030607E-018,2.79597127249075E-018,3.8321968802071E-018,5.09935127157271E-018,6.52361660039011E-018,6.11651077857423E-018,5.52367283307115E-018,4.8614832212253E-018,4.20001354365675E-018,3.57864668336154E-018,3.01701831506263E-018,2.52248006638095E-018,2.09507210603682E-018,1.73076096442579E-018,1.42349539810206E-018,1.16647228346091E-018,9.5288413514502E-019,7.7633297990516E-019,6.31034247009427E-019,5.11892233164589E-019,4.14500123304506E-019,3.35098409385351E-019,2.70512885726352E-019,2.18085120475325E-019,1.75602959659186E-019,1.41235223385201E-019,1.1347263475915E-019
2.98118297264152E-020,7.78339086715113E-020,1.52206151770376E-019,2.64107827869412E-019,4.28643088248806E-019,6.65807857692439E-019,1.00136440065016E-018,1.46722603030457E-018,2.10052507155258E-018,2.93973278639864E-018,4.0147174733786E-018,5.32492710953337E-018,6.79500967802688E-018,6.38529865122839E-018,5.78352298573043E-018,5.10716227130664E-018,4.42783212908258E-018,3.78643868093568E-018,3.2039106695672E-018,2.68859697706537E-018,2.24124733564761E-018,1.85829088015766E-018,1.53394262712779E-018,1.26151834930196E-018,1.0342244105156E-018,8.4560579717607E-019,6.89776286038097E-019,5.61513351734077E-019,4.56272065312572E-019,3.70153050855186E-019,2.99846743318004E-019,2.42567718280181E-019,1.95987334877643E-019,1.58169374341142E-019,1.27511104715613E-019
3.23722189251443E-020,8.42041921741756E-020,1.6404738679794E-019,2.83584170447652E-019,4.5851382837406E-019,7.09505769876024E-019,1.06303681918208E-018,1.55170306458002E-018,2.21316716810497E-018,3.08610495842454E-018,4.20005909859281E-018,5.55347810765668E-018,7.06951086866688E-018,6.65750536203541E-018,6.04714785359511E-018,5.3569643932319E-018,4.66006490737189E-018,3.99884637745407E-018,3.39551685208307E-018,2.8594234520213E-018,2.39203615503212E-018,1.99026258662815E-018,1.64860173724987E-018,1.36050557174869E-018,1.11920986466921E-018,9.1821575419333E-019,7.51546008359728E-019,6.13859475982568E-019,5.00479116273121E-019,4.07369813662697E-019,3.31089231784672E-019,2.68726317146968E-019,2.17836362504896E-019,1.76377828812573E-019,1.42653745787872E-019
3.50553368008658E-020,9.08569114330471E-020,1.7637123117085E-019,3.03785060822741E-019,4.89390664522082E-019,7.54523954057706E-019,1.12636335542605E-018,1.63816851359928E-018,2.32810856067275E-018,3.23504022486131E-018,4.38816616932839E-018,5.78494234289549E-018,7.34705198277885E-018,6.93305411332926E-018,6.31446154975193E-018,5.61079716952733E-018,4.89661756052174E-018,4.21577879287341E-018,3.59175393556261E-018,3.03488818096305E-018,2.54738107854396E-018,2.12663334830197E-018,1.76744460628741E-018,1.46341951526973E-018,1.20783829825054E-018,9.94171143430702E-019,8.16360342214893E-019,6.68954336225618E-019,5.47150088657096E-019,4.46781042673119E-019,3.64274878107232E-019,2.96596484853316E-019,2.41185714444336E-019,1.95895617523954E-019,1.5893437500772E-019
3.78621590793408E-020,9.77933685725776E-020,1.89178315442058E-019,3.24709090985152E-019,5.21268452351026E-019,8.00851629090946E-019,1.19132573240086E-018,1.72659514785921E-018,2.44531242962087E-018,3.38649265870872E-018,4.57898512693463E-018,6.0192601755756E-018,7.62756733481492E-018,7.21187093490738E-018,6.58538130596934E-018,5.86857134120972E-018,5.13739861849782E-018,4.43714716287172E-018,3.79254035693469E-018,3.21492026961284E-018,2.70722410281873E-018,2.26735907446079E-018,1.89044106614461E-018,1.57024317712402E-018,1.3001045943233E-018,1.07347714746444E-018,8.8423305041076E-019,7.26818553512707E-019,5.96310827911452E-019,4.88416319963854E-019,3.99435691379215E-019,3.26211538831118E-019,2.66069087835838E-019,2.16756068719813E-019,1.76385367513079E-019
4.07935843216802E-020,1.05014712733459E-019,2.02469060629324E-019,3.46354630113915E-019,5.54141882690304E-019,8.48478005098168E-019,1.25790593547421E-018,1.81695638107949E-018,2.56474305040158E-018,3.54041787674737E-018,4.7724643164605E-018,6.25637410735765E-018,7.91099358880738E-018,7.49388450969537E-018,6.85982728508365E-018,6.13020063318733E-018,5.38231932845523E-018,4.66286487463088E-018,3.99779592910946E-018,3.39944932520184E-018,2.87150685413067E-018,2.41239451192672E-018,2.01755912304666E-018,1.68095721835852E-018,1.396000945942E-018,1.15613605213766E-018,9.55174921374648E-019,7.87469803864104E-019,6.47984347707594E-019,5.32302570919137E-019,4.36601241070991E-019,3.57602598946265E-019,2.92518235325534E-019,2.38990819209967E-019,1.9503765172111E-019
4.38504387681579E-020,1.12521951046711E-019,2.16243695657097E-019,3.6871984717271E-019,5.88005505618307E-019,8.97392302554903E-019,1.32608621742836E-018,1.90922625114962E-018,2.68636574223025E-018,3.6967729537886E-018,4.96855387301197E-018,6.49622865154115E-018,8.19726961731189E-018,7.77902601449628E-018,7.13772240915957E-018,6.39560159297481E-018,5.63129353165003E-018,4.89284740290866E-018,4.20744184577815E-018,3.58840552849396E-018,3.04017071795022E-018,2.56169341780824E-018,2.14876515757978E-018,1.79554017596089E-018,1.49551706733361E-018,1.24214744644432E-018,1.02919395030685E-018,8.50922975955815E-019,7.02190961741678E-019,5.78464169598375E-019,4.75798736834565E-019,3.90798643607918E-019,3.20562999988962E-019,2.62629830964209E-019,2.14920710571096E-019
4.70334808549605E-020,1.20315958763734E-019,2.30502273290809E-019,3.91802731308773E-019,6.22853751844058E-019,9.47583768677424E-019,1.39584910167103E-018,2.0033794011526E-018,2.8101468198056E-018,3.8555163434167E-018,5.16720561751652E-018,6.73877021435597E-018,8.48633637223669E-018,8.06722897417216E-018,7.41899220175253E-018,6.66469344146048E-018,5.88423754756243E-018,5.12701224684404E-018,4.4214006802823E-018,3.78171969419647E-018,3.2131569528615E-018,2.7152087144448E-018,2.28402410650926E-018,1.91396865779186E-018,1.59864038988874E-018,1.33150840988926E-018,1.10629551077027E-018,9.17190322224254E-019,7.58948411760213E-019,6.269230428264E-019,5.17053109143244E-019,4.25826568412127E-019,3.50231354078191E-019,2.87701412437499E-019,2.36062588062744E-019
5.03434054269961E-020,1.2839748861329E-019,2.45244684707386E-019,4.15601110287806E-019,6.58680951710481E-019,9.99041691474591E-019,1.46717738390536E-018,2.09939106059891E-018,2.93605354788174E-018,4.01660780461535E-018,5.36837296091628E-018,6.98394698606443E-018,8.77813676628858E-018,8.35842912782209E-018,7.70356464281171E-018,6.93739793460423E-018,6.14107006477213E-018,5.36527886783023E-018,4.63959637961534E-018,3.97932332135182E-018,3.39040679071521E-018,2.87289262846698E-018,2.42329962813991E-018,2.03621752177593E-018,1.70535624408104E-018,1.42421368805972E-018,1.1864825170847E-018,9.86281603431116E-019,8.18271991579931E-019,6.77698772564819E-019,5.60387090176829E-019,4.62711246638584E-019,3.81549440869108E-019,3.14232243899947E-019,2.58489900393967E-019
5.37808476683885E-020,1.36767179450047E-019,2.6047067283073E-019,4.40112667170789E-019,6.95481352096089E-019,1.05175541177341E-018,1.54005413252243E-018,2.19723702697226E-018,3.06405409850855E-018,4.18000833373739E-018,5.57201081593203E-018,7.23170884084784E-018,9.07261556392912E-018,8.65256430570493E-018,7.9913700349433E-018,7.21363923506683E-018,6.40171203814877E-018,5.60756862870379E-018,4.86195425444437E-018,4.18114863507621E-018,3.57186152464974E-018,3.03469681566408E-018,2.56655425279811E-018,2.16226004069531E-018,1.81564802835515E-018,1.52025585711775E-018,1.26975557791121E-018,1.05820422678202E-018,8.80174666948741E-019,7.30808696216494E-019,6.05821294462484E-019,5.01475591018331E-019,4.14541618978293E-019,3.42247406129452E-019,2.82227851073854E-019
5.73463867708243E-020,1.45425564253644E-019,2.76179844547657E-019,4.65334955414814E-019,7.33249131456712E-019,1.10571433348447E-018,1.61446268793714E-018,2.29689364766279E-018,3.19411751076637E-018,4.34568010133474E-018,5.77807551564484E-018,7.48200724458014E-018,9.36971928087247E-018,8.9495743158115E-018,8.28234087990855E-018,7.49334379287891E-018,6.66608659194478E-018,5.8538047344296E-018,5.08840096589467E-018,4.38712862081805E-018,3.75746258640449E-018,3.20057247315417E-018,2.7137495198499E-018,2.29206805381054E-018,1.92949736594849E-018,1.6196254778924E-018,1.3561131414216E-018,1.1329633777327E-018,9.44667191157693E-019,7.86268004593036E-019,6.53374298866436E-019,5.42140616276341E-019,4.49230508601199E-019,3.71770411899854E-019,3.07300249451859E-019
6.10405493585229E-020,1.54373077531956E-019,2.92371681907895E-019,4.91265412559263E-019,7.71978413218643E-019,1.16090793233668E-018,1.69038666105307E-018,2.39833780234279E-018,3.32621365283093E-018,4.51358639341711E-018,5.98652473823139E-018,7.73479516970089E-018,9.6693960912751E-018,9.24940083912482E-018,8.57641176436447E-018,7.77644023435223E-018,6.93411892840196E-018,6.10391217440757E-018,5.31886450971877E-018,4.59719705214553E-018,3.94715161417002E-018,3.37047044018016E-018,2.86484610252301E-018,2.42561210642022E-018,2.04688425054137E-018,1.72231124021836E-018,1.44555163244931E-018,1.21056214564651E-018,1.01175821636483E-018,8.44089837340023E-019,7.03062721604176E-019,5.8472550202753E-019,4.85637039195758E-019,4.02823239764388E-019,3.33729532163457E-019
6.48638126872568E-020,1.63610062177491E-019,3.0904555240121E-019,5.17901372640468E-019,8.11663277708417E-019,1.21732576327933E-018,1.76780993101257E-018,2.5015468858242E-018,3.46031318621476E-018,4.68369155675285E-018,6.19731743726607E-018,7.9900270164943E-018,9.9715957418687E-018,9.55198733272198E-018,8.87351925397029E-018,8.06285925851882E-018,7.20573624150808E-018,6.35781766648447E-018,5.55327419837118E-018,4.81128851293335E-018,4.1408705120644E-018,3.54434128870518E-018,3.01980392167088E-018,2.56286157837227E-018,2.16778718156273E-018,1.82830009813433E-018,1.53806558201505E-018,1.29100164348879E-018,1.0814544006327E-018,9.04285375668876E-019,7.54901299998711E-019,6.29247655669568E-019,5.23780498199403E-019,4.35426369694057E-019,3.61536787046291E-019
6.88166076335946E-020,1.731367758215E-019,3.26200718395348E-019,5.45240077462044E-019,8.52297772781897E-019,1.27495746672289E-018,1.84671664236363E-018,2.60649879142365E-018,3.59638753204081E-018,4.85596094786528E-018,6.41041377707018E-018,8.24765854016241E-018,1.02762694723753E-017,9.85727893997042E-018,9.17360179508192E-018,8.35253354045681E-018,7.48086763556341E-018,6.61544960272041E-018,5.79156064142576E-018,5.02933841470003E-018,4.33856150219169E-018,3.72213540484891E-018,3.17858224950104E-018,2.70378480244755E-018,2.29218328991662E-018,1.9375773965205E-018,1.63364774961326E-018,1.37428112175853E-018,1.15376051071394E-018,9.66863932289322E-019,8.08902966769116E-019,6.75722774971996E-019,5.63678580423534E-019,4.69598820183875E-019,3.90741779129338E-019
7.28993214893471E-020,1.82953396726454E-019,3.43836345810112E-019,5.73278686834044E-019,8.93875923295702E-019,1.33379277376716E-018,1.92709120175445E-018,2.7131718948514E-018,3.73440883921402E-018,5.03036088541278E-018,6.62577507264624E-018,8.50764678315028E-018,1.05833699416198E-017,1.01652224071568E-017,9.47659962334394E-018,8.64539764092666E-018,7.75944404823977E-018,6.8767379969336E-018,6.03365572470229E-018,5.25128300974607E-018,4.54016717012198E-018,3.90380306209123E-018,3.34113980418706E-018,2.84834917345438E-018,2.42004845483591E-018,2.05012698972122E-018,1.73228923863498E-018,1.46039807686789E-018,1.22867952064502E-018,1.03183303847379E-018,8.65078924676468E-019,7.24164910109811E-019,6.05347437818783E-019,5.05358186487381E-019,4.21362978341444E-019
7.71123005750892E-020,1.93060029253952E-019,3.61951512095439E-019,6.02014287881846E-019,9.36391739547019E-019,1.39382151054567E-018,2.00891827424921E-018,2.82154503863179E-018,3.87434995436543E-018,5.20685860567221E-018,6.84336373378632E-018,8.76995001224248E-018,1.08928511588189E-017,1.04757660059608E-017,9.78245467856361E-018,8.94138792179833E-018,8.04139817783719E-018,7.14161443402609E-018,6.27949258840971E-018,5.4770594006561E-018,4.74563050453192E-018,4.08929448706776E-018,3.50743483619175E-018,2.99652124879747E-018,2.55135741251568E-018,2.16593135266654E-018,1.8339796052911E-018,1.54934835418561E-018,1.30621270622835E-018,1.09919852821587E-018,9.23438719392413E-019,7.74586524931767E-019,6.48801729347776E-019,5.42720679682107E-019,4.5341758862509E-019
8.14558526855972E-020,2.03456708941874E-019,3.80545213574684E-019,6.3144390351474E-019,9.79839224793065E-019,1.45503360179861E-018,2.09218277934396E-018,2.93159751705716E-018,4.01618439345209E-018,5.38542222087236E-018,7.06314321298713E-018,9.0345276600027E-018,1.12046684195859E-017,1.07888594612516E-017,1.00911105253172E-017,9.24044246680107E-018,8.32666441446312E-018,7.41001202107767E-018,6.52900560456371E-018,5.70660554665391E-018,4.954894931657E-018,4.27855991869269E-018,3.67742520704728E-018,3.14826684121722E-018,2.68608385712864E-018,2.28497168497438E-018,1.93870696138572E-018,1.64112624596259E-018,1.38635973549849E-018,1.16896461947056E-018,9.83990310487892E-019,8.26998557290091E-019,6.94054670740024E-019,5.81701166306243E-019,4.86921578176724E-019
8.5930249379074E-020,2.14143407221668E-019,3.99616372208389E-019,6.61564500134704E-019,1.0242123819485E-018,1.51741907377195E-018,2.17686988674937E-018,3.04330906167191E-018,4.15988631490459E-018,5.56602068014915E-018,7.28507795684356E-018,9.30134027017468E-018,1.1518778246236E-017,1.11044538837389E-017,1.04025122787972E-017,9.54250100717234E-018,8.61517877487919E-018,7.68186534018279E-018,6.78213035389462E-018,5.93986026723515E-018,5.16790434513053E-018,4.47154966126557E-018,3.85106846126517E-018,3.30355110433349E-018,2.82420053477813E-018,2.40722800848538E-018,2.04645807127556E-018,1.73572458435783E-018,1.4691187552795E-018,1.24113399248456E-018,1.04674014046699E-018,8.81410478289726E-019,7.41118083937007E-019,6.22313208340101E-019,5.21889710566996E-019
9.05357281211503E-020,2.25120035803948E-019,4.19163841828469E-019,6.92372994657346E-019,1.0695052195479E-018,1.58096805652809E-018,2.26296501199618E-018,3.1566598272798E-018,4.30543049422116E-018,5.74862373291543E-018,7.50913336062619E-018,9.57034944670292E-018,1.18351383320247E-017,1.14225017070636E-017,1.07166065354588E-017,9.84750485182256E-018,8.90687884077831E-018,7.95711040299615E-018,7.03880360242637E-018,6.17676324344735E-018,5.38460313171755E-018,4.66821413214888E-018,4.02832189198344E-018,3.46233861157288E-018,2.96567933090193E-018,2.5326792586533E-018,2.15721844333591E-018,1.83313482978048E-018,1.55448647394923E-018,1.31570786524223E-018,1.11169320179403E-018,9.37830350342419E-019,7.90002446064652E-019,6.64569103335594E-019,5.58335576522851E-019
9.52724942938164E-020,2.363864507582E-019,4.39186413888044E-019,7.23866260909532E-019,1.11571175705036E-018,1.64567078574239E-018,2.35045381191099E-018,3.27163037846471E-018,4.45279229991497E-018,5.93320189445817E-018,7.73527572577821E-018,9.84151780606723E-018,1.21537074889878E-017,1.17429566289508E-017,1.10333413080699E-017,1.01553968216681E-017,9.20170370027202E-018,8.23568460694582E-018,7.29896327787722E-018,6.41725501713903E-018,5.60493619339351E-018,4.8685039045419E-018,4.20914260090024E-018,3.62459342900755E-018,3.1104913516E-018,2.66130337018657E-018,2.27097241623891E-018,1.93334715475997E-018,1.64245824053198E-018,1.39268606606601E-018,1.17885310188143E-018,9.96264883934379E-019,8.40716937796047E-019,7.08479924523242E-019,5.96271626179228E-019
1.00140723078681E-019,2.47942456310136E-019,4.59682822767817E-019,7.56041135461592E-019,1.16282602955496E-018,1.71151760405089E-018,2.43932218000209E-018,3.38820167661288E-018,4.60194767072761E-018,6.11972641359258E-018,7.96347222009357E-018,1.01148089326563E-017,1.24744455990844E-017,1.20657735560926E-017,1.13526659648066E-017,1.0466121187817E-017,9.4995938923837E-018,8.51752669306793E-018,7.56254844600822E-018,6.66127698845887E-018,5.82884896616678E-018,5.07236974582186E-018,4.39348755299082E-018,3.79027918258838E-018,3.25860699932325E-018,2.79307735731106E-018,2.38770324033449E-018,2.03635052355116E-018,1.73302812024477E-018,1.47206710342139E-018,1.24822212602237E-018,1.05671949303636E-018,8.93269490989611E-019,7.5405556074948E-019,6.35709201631131E-019
1.05140561223245E-019,2.59787808378296E-019,4.80651750676146E-019,7.8889442294612E-019,1.21084209198788E-018,1.77849896200612E-018,2.52955624178879E-018,3.50635506742316E-018,4.75287309402805E-018,6.30816924221876E-018,8.19369084036147E-018,1.03901873369326E-017,1.27973135683768E-017,1.23909085524554E-017,1.16745311720732E-017,1.07796236133199E-017,9.80049135435777E-018,8.80257670541337E-018,7.8294992870237E-018,6.9087714118498E-018,6.05628743599885E-018,5.27976265187489E-018,4.58131362645787E-018,3.95935912021354E-018,3.40999604332674E-018,2.92797738899926E-018,2.5073931544098E-018,2.14213276767553E-018,1.82618896662457E-018,1.55384823298504E-018,1.31980129826593E-018,1.11919834910237E-018,9.47666835507538E-019,8.01304756117702E-019,6.76658569637533E-019
1.10272128698231E-019,2.71922217869624E-019,5.02091832176467E-019,8.22422900910147E-019,1.25975402281538E-018,1.84660541869105E-018,2.6211423501025E-018,3.62607226889067E-018,4.90554558532235E-018,6.49850300663971E-018,8.42590037728314E-018,1.06676184161661E-017,1.3122273284004E-017,1.27183187907399E-017,1.19988888407542E-017,1.10958510982254E-017,1.01043393716088E-017,9.0907759519749E-018,8.09975707211016E-018,7.15968139075231E-018,6.28719815213684E-018,5.49063387779661E-018,4.77257765832337E-018,4.13179616903589E-018,3.56462768525981E-018,3.06597885948887E-018,2.63002345808827E-018,2.250680657593E-018,1.92193249036438E-018,1.63802552204119E-018,1.39359044024371E-018,1.18370443361812E-018,1.00391454513642E-018,8.50235149224716E-019,7.19128954347075E-019
1.15535520253398E-019,2.84345353752135E-019,5.24001658372698E-019,8.56623324242812E-019,1.30955592733125E-018,1.9158276420352E-018,2.71406708038297E-018,3.74733535974852E-018,5.05994266880423E-018,6.69070098051262E-018,8.66007038248491E-018,1.09470684175343E-017,1.34492875737323E-017,1.30479625067472E-017,1.23256920756351E-017,1.14147519277008E-017,1.0411082530147E-017,9.38206696708169E-018,8.37326414018495E-018,7.41395087120389E-018,6.52152823813834E-018,5.70493496530358E-018,4.96723648603225E-018,4.30755298837876E-018,3.72247062023732E-018,3.20705645439172E-018,2.75557458011539E-018,2.36197997069194E-018,2.02024932498563E-018,1.72459391127664E-018,1.46958822796652E-018,1.2502395891729E-018,1.06201708254685E-018,9.00853311900452E-019,7.63128569932046E-019
1.20930806878743E-019,2.9705684592126E-019,5.46379780780426E-019,8.91492429216544E-019,1.36024194056163E-018,1.98615640887122E-018,2.80831722598933E-018,3.87012676835187E-018,5.21604235888209E-018,6.88473705931574E-018,8.89617113746839E-018,1.12285044034072E-017,1.37783201678831E-017,1.3379798956428E-017,1.26548951277526E-017,1.17362756229998E-017,1.07206666713275E-017,9.67639347520791E-018,8.64996387491266E-018,7.67152463449865E-018,6.75922540083787E-018,5.92261776716336E-018,5.16524698540421E-018,4.48659201859828E-018,3.88349309370996E-018,3.35118421267439E-018,2.88402614276476E-018,2.47601555577783E-018,2.12112908947304E-018,1.81354727404829E-018,1.54779224661741E-018,1.31880456903963E-018,1.12197784324199E-018,9.53164787373039E-019,8.08664653031951E-019
1.26458037177439E-019,3.10056287875122E-019,5.69224714909228E-019,9.27026937176019E-019,1.41180622982593E-018,2.05758260476611E-018,2.90387979354229E-018,3.99442926198834E-018,5.37382314262246E-018,7.08058573622406E-018,9.13417362435262E-018,1.15118942186503E-017,1.41093356634603E-017,1.37137883754109E-017,1.29864533494565E-017,1.20603728950791E-017,1.10330388487829E-017,9.97370035614211E-018,8.92980068203664E-018,7.93234828905012E-018,7.00023793747722E-018,6.14363446892026E-018,5.36656610523964E-018,4.6688755262025E-018,4.04766295442772E-018,3.49833558477277E-018,3.01535702258508E-018,2.5927713942338E-018,2.224560447996E-018,1.90487847319973E-018,1.62819904337361E-018,1.38939908525685E-018,1.18379919845596E-018,1.00717412779398E-018,8.55743494921169E-019
1.32117238656437E-019,3.233432392127E-019,5.92534943579198E-019,9.63223557905912E-019,1.46424299698839E-018,2.13009722365673E-018,3.00074199831094E-018,4.12022593659882E-018,5.53326396305375E-018,7.27822207929533E-018,9.37404949827661E-018,1.17972064597972E-017,1.44422994903128E-017,1.40498919408277E-017,1.33203231519853E-017,1.238699560068E-017,1.13481472874071E-017,1.02739336114643E-017,9.2127199670634E-018,8.19636826158308E-018,7.24451474119819E-018,6.36793760816674E-018,5.57115089885792E-018,4.85436564551179E-018,4.21494770376824E-018,3.64848348708568E-018,3.14954540769601E-018,2.71223065801867E-018,2.33053116683799E-018,1.99857941550493E-018,1.71080417829506E-018,1.4620218552145E-018,1.24748253697341E-018,1.06288493106928E-018,9.04370473327002E-019
1.37908418940186E-019,3.36917227967776E-019,6.16308919992734E-019,1.00007899270545E-018,1.51754648043103E-018,2.20369136731593E-018,3.09889125965514E-018,4.24750020689282E-018,5.6943442032788E-018,7.47762170987652E-018,9.61577106134194E-018,1.20844104459522E-017,1.4777177879185E-017,1.43880717352666E-017,1.36564619653748E-017,1.27160967007087E-017,1.16659413442682E-017,1.05770403322794E-017,9.49866811333018E-018,8.46353178776406E-018,7.49200530507492E-018,6.5954800915865E-018,5.77895855282167E-018,5.04302441712151E-018,4.38531454168169E-018,3.80160035307576E-018,3.28656885182929E-018,2.83437576466097E-018,2.43902816865245E-018,2.09464110381793E-018,1.79560227332133E-018,1.53667064675171E-018,1.31302830584947E-018,1.12029987695213E-018,9.54550083834945E-019
1.43831566912548E-019,3.50777752790458E-019,6.40545070580782E-019,1.03758993719518E-018,1.57171095677595E-018,2.27835624467243E-018,3.19831519653262E-018,4.37623579684275E-018,5.85704367134748E-018,7.67876078214818E-018,9.85931123798594E-018,1.23734761913012E-017,1.51139378315194E-017,1.4728290712701E-017,1.3994828200535E-017,1.30476302207597E-017,1.19863714713376E-017,1.08829686681554E-017,9.78759246047875E-018,8.73378690236696E-018,7.74265972484449E-018,6.82621520997341E-018,5.98994641307802E-018,5.23481382340709E-018,4.558730409485E-018,3.95765818119134E-018,3.42640432530017E-018,2.9591884294004E-018,2.5500375841603E-018,2.19305368700758E-018,1.88258705942175E-018,1.61334232178047E-018,1.38043605001708E-018,1.17942076236157E-018,1.00628597082737E-018
1.49886653791617E-019,3.64924284987178E-019,6.6524179764112E-019,1.07575308387895E-018,1.62673074238159E-018,2.35408317100485E-018,3.29900162307796E-018,4.50641673054182E-018,6.02134258584475E-018,7.88161596373074E-018,1.0104643551685E-017,1.2664374379115E-017,1.54525470908866E-017,1.50705126662554E-017,1.43353812133439E-017,1.33815512136433E-017,1.23093891799277E-017,1.11916677972178E-017,1.00794412833533E-017,9.0070824290582E-018,7.99642870047739E-018,7.06009665141096E-018,6.20407200872796E-018,5.42969582129171E-018,4.73516202972101E-018,4.11662857980814E-018,3.56902826308313E-018,3.08664971462066E-018,2.66354480140062E-018,2.29380650775614E-018,1.971751421946E-018,1.69203287845377E-018,1.44970445077493E-018,1.24024853589873E-018,1.05958095791018E-018
1.56073634141787E-019,3.79356270429183E-019,6.90397481784712E-019,1.11456512448195E-018,1.68260019463548E-018,2.43086356702794E-018,3.40093854425927E-018,4.63802732341073E-018,6.18722156215206E-018,8.08616441728286E-018,1.03517421028961E-017,1.29570763371413E-017,1.57929741159324E-017,1.54147021976788E-017,1.46780812706216E-017,1.37178157237845E-017,1.26349470067412E-017,1.15030878973519E-017,1.03741637713354E-017,9.28336796987513E-018,8.25326353671531E-018,7.2970785127798E-018,6.42129307361599E-018,5.62763237247964E-018,4.9145759432822E-018,4.27848280937678E-018,3.71441661015658E-018,3.21674007671124E-018,2.77953451264256E-018,2.39688814829951E-018,2.06308744422424E-018,1.77273749190046E-018,1.52083136315468E-018,1.30278333153945E-018,1.11443707778937E-018
1.62392446827145E-019,3.9407313133875E-019,7.16010484204825E-019,1.15402275208391E-018,1.73931371306359E-018,2.50868895788668E-018,3.50411415161695E-018,4.77105217373858E-018,6.35466159934314E-018,8.2923837830276E-018,1.06005815481534E-017,1.32515540142907E-017,1.61351880547352E-017,1.57608246884111E-017,1.50228895178552E-017,1.40563807533757E-017,1.29629984814395E-017,1.18171801184667E-017,1.06717100081247E-017,9.56259389446265E-018,8.5131161426898E-018,7.53711530974494E-018,6.64156756591657E-018,5.82858547134175E-018,5.09693854398439E-018,4.44319182194988E-018,3.8625448642707E-018,3.3494394104887E-018,2.89799075906238E-018,2.50228647418594E-018,2.15658644946685E-018,1.8554505535524E-018,1.59381385217084E-018,1.36702450148749E-018,1.17085560156618E-018
1.68843015909926E-019,4.09074267961658E-019,7.42079148782377E-019,1.19412266306451E-018,1.79686574027413E-018,2.58755097207254E-018,3.60851681908813E-018,4.90547615454406E-018,6.52364406767776E-018,8.50025216214696E-018,1.08511370802407E-017,1.35477799585286E-017,1.64791587204818E-017,1.61088462721338E-017,1.53697679485619E-017,1.43972042301699E-017,1.32934980956427E-017,1.21338965557752E-017,1.09720309519709E-017,9.84471132912448E-018,8.77593903072422E-018,7.78016198536025E-018,6.8648536858778E-018,6.03251717062522E-018,5.28221611076178E-018,4.61072629825064E-018,4.01338811628426E-018,3.4847270913018E-018,3.01889697328601E-018,2.60998867612857E-018,2.25223904101488E-018,1.94016570909179E-018,1.66864822796068E-018,1.43297064817775E-018,1.22883706742507E-018
1.75425251497542E-019,4.24359060133766E-019,7.68601804039851E-019,1.23486155887685E-018,1.85525076275244E-018,2.66744134027403E-018,3.71413509891908E-018,5.04128440574338E-018,6.6941506966595E-018,8.70974810098999E-018,1.11033844093707E-017,1.38457272958932E-017,1.68248565683717E-017,1.64587338087073E-017,1.57186793751796E-017,1.47402449768142E-017,1.36264012732848E-017,1.24531902240498E-017,1.127507841636E-017,1.01296721457388E-017,9.04168531441053E-018,8.02617391741535E-018,7.09110989187009E-018,6.23938960514584E-018,5.4703748376429E-018,4.78105668243454E-018,4.16692108820741E-018,3.62258201493857E-018,3.1422360198936E-018,2.71998131002553E-018,2.35003514099222E-018,2.02687589504889E-018,1.74533007982501E-018,1.50061965542345E-018,1.28838130869441E-018
1.82139050541427E-019,4.39926868748965E-019,7.95576764955087E-019,1.2762361476632E-018,1.91446331152128E-018,2.74835189417248E-018,3.82095771766743E-018,5.17846232661185E-018,6.86616356362592E-018,8.920850576044E-018,1.13572997453048E-017,1.41453697105654E-017,1.71722526736724E-017,1.68104548594038E-017,1.60695874013893E-017,1.50854626816283E-017,1.39616643422446E-017,1.27750150328088E-017,1.15808050511544E-017,1.04174289505813E-017,9.31030870604341E-018,8.27510692463829E-018,7.32029491487457E-018,6.44916501360918E-018,5.66138086165512E-018,4.95415321468576E-018,4.3231181690795E-018,3.76298263544739E-018,3.26799023397853E-018,2.83225033521943E-018,2.44996402741102E-018,2.11557337408157E-018,1.82385430918344E-018,1.56996871870501E-018,1.3494874812638E-018
1.88984297590723E-019,4.5577703713521E-019,8.23002334645356E-019,1.31824314572605E-018,1.97449796268012E-018,2.8302745651928E-018,3.92897357229523E-018,5.31699556852671E-018,7.03966508284133E-018,9.13353897962181E-018,1.16128597803532E-017,1.44466814259236E-017,1.75213187108489E-017,1.71639776633535E-017,1.64224563957768E-017,1.54328178707396E-017,1.42992445071868E-017,1.30993257623971E-017,1.18891643241854E-017,1.0707935073094E-017,9.58176351348559E-018,8.52691727185755E-018,7.55236777153497E-018,6.66180575869525E-018,5.85520028879521E-018,5.1299859617805E-018,4.48195344880346E-018,3.90590700097863E-018,3.39614145784984E-018,2.94678115106628E-018,2.55201436978114E-018,2.20624976896969E-018,1.90421516146005E-018,1.64101437460187E-018,1.41215409034665E-018
1.95960865503612E-019,4.7190889234485E-019,8.50876805931257E-019,1.3608792788664E-018,2.03534933783511E-018,2.91320138321752E-018,4.03817172635334E-018,5.45687002797903E-018,7.21463799506468E-018,9.34779310622167E-018,1.18700416731998E-017,1.47496371865188E-017,1.78720269337024E-017,1.75192711151265E-017,1.67772514667505E-017,1.5782271881495E-017,1.46390998235445E-017,1.34260780409215E-017,1.22001105032949E-017,1.10011445546319E-017,9.85600463653099E-018,8.78156167421704E-018,7.78728777588652E-018,6.87727434553143E-018,6.05179921819337E-018,5.30852484574107E-018,4.64340075005101E-018,4.05133278774784E-018,3.52667107596311E-018,3.06355863188179E-018,2.65617426327434E-018,2.29889609535788E-018,1.98640625691783E-018,1.71375252937101E-018,1.47637901657953E-018
2.03068616118926E-019,4.88321746364981E-019,8.79198462789245E-019,1.40414128360005E-018,2.09701210443065E-018,2.99712447527172E-018,4.14854140625722E-018,5.59807183984327E-018,7.39106535756659E-018,9.56359313951975E-018,1.21288230335008E-017,1.50542122409154E-017,1.82243501564525E-017,1.78763047433792E-017,1.71339384386383E-017,1.61337868370732E-017,1.4981189172584E-017,1.3755228322004E-017,1.25135986388212E-017,1.1297012137217E-017,1.01329875628255E-017,9.03899730052985E-018,8.02501454986598E-018,7.09553343866861E-018,6.2511437645894E-018,5.48973967069637E-018,4.80743365834648E-018,4.19923733221637E-018,3.6595600481614E-018,3.1825671603308E-018,2.76243126149284E-018,2.39350279328094E-018,2.07042062046119E-018,1.78817848667897E-018,1.54215954145361E-018
2.1030740089046E-019,5.05014897253159E-019,9.07965581700843E-019,1.44802590826185E-018,2.15948097599243E-018,3.0820360641854E-018,4.26007199765366E-018,5.7405873708934E-018,7.5689305345713E-018,9.78091963995766E-018,1.23891819072095E-017,1.53603823253406E-017,1.85782617357069E-017,1.82350486905007E-017,1.7492483828891E-017,1.64873256222282E-017,1.53254722374938E-017,1.40867338633199E-017,1.28295845465229E-017,1.15954932523245E-017,1.04126683633992E-017,9.29918177584873E-018,8.2655080326985E-018,7.31654587766688E-018,6.45320007923138E-018,5.67360014805709E-018,4.97402555043059E-018,4.3495976615803E-018,3.79478894130423E-018,3.30379065932376E-018,2.87077240789149E-018,2.49005975750666E-018,2.15625071042783E-018,1.86428697449595E-018,1.6094923720758E-018
2.1767706148627E-019,5.21987630203385E-019,9.37176432906007E-019,1.49252991400709E-018,2.22275071229054E-018,3.16792846723908E-018,4.37275304187793E-018,5.88440321355493E-018,7.74821718810085E-018,9.99975353289052E-018,1.26510967625824E-017,1.56681236480961E-017,1.89337355532639E-017,1.85954736931985E-017,1.78528548263259E-017,1.68428518600981E-017,1.56719094804438E-017,1.44205527058859E-017,1.31480247909343E-017,1.18965440097217E-017,1.06950036878585E-017,9.56207318332434E-018,8.50872848924921E-018,7.54027469138925E-018,6.65793436929932E-018,5.86007592010688E-018,5.14314962099968E-018,4.50239052265379E-018,3.93233795935895E-018,3.42721262248153E-018,2.98118426590142E-018,2.58855636673047E-018,2.24388844639198E-018,1.94207217116235E-018,1.67837366525991E-018
2.25177430355072E-019,5.39239218546941E-019,9.66829281567505E-019,1.53765007571805E-018,2.28681611943085E-018,3.25479409479776E-018,4.48657423250022E-018,6.02950617988295E-018,7.92890926920031E-018,1.0220076097263E-017,1.2914546476828E-017,1.5977412874685E-017,1.9290745999698E-017,1.89575510639655E-017,1.82150192703505E-017,1.72003298900197E-017,1.60204621205655E-017,1.47566436540671E-017,1.34688766691444E-017,1.22001211863801E-017,1.09799507592819E-017,9.82763006541616E-018,8.75463651742065E-018,7.7666831110944E-018,6.86531291594942E-018,6.04913658210445E-018,5.31477890791035E-018,4.65759240922886E-018,4.07218697202621E-018,3.55281614322827E-018,3.09365294780231E-018,2.68898151165691E-018,2.33332523600181E-018,2.02152773064006E-018,1.74879905095014E-018
2.32808331261718E-019,5.56768924692313E-019,9.9692238885263E-019,1.58338318282357E-018,2.35167204988184E-018,3.34262544893772E-018,4.60152541196033E-018,6.17588329575633E-018,8.11099100952406E-018,1.04418689547839E-017,1.31795103233581E-017,1.62882271136113E-017,1.96492679586822E-017,1.93212526733796E-017,1.85789456311071E-017,1.75597247462921E-017,1.63710921128044E-017,1.50949662562729E-017,1.37920981949922E-017,1.25061822154747E-017,1.12674673688584E-017,1.00958114245153E-017,9.00319305467E-018,7.99573458241285E-018,7.07530209106791E-018,6.24075170298534E-018,5.4888863159341E-018,4.8151795879887E-018,4.21431554196705E-018,3.68058394256942E-018,3.20816414238909E-018,2.79132362200217E-018,2.42455200087469E-018,2.10264680696148E-018,1.82076365498107E-018
2.40569579793602E-019,5.74576001008139E-019,1.02745401293809E-018,1.62972604003849E-018,2.41731340244339E-018,3.43141512207006E-018,4.71759656828917E-018,6.32352179527888E-018,8.29444691326448E-018,1.06651140595701E-017,1.34459679596084E-017,1.6600543902813E-017,2.00092767920054E-017,1.96865509331843E-017,1.89446029904869E-017,1.79210021378367E-017,1.67237621276024E-017,1.54354807863121E-017,1.41176480836684E-017,1.28146851754864E-017,1.15575118703039E-017,1.0366576723033E-017,9.25435938371523E-018,8.22739277628466E-018,7.28786837281733E-018,6.43489084474661E-018,5.66544463914197E-018,4.9751281230482E-018,4.35870295069701E-018,3.81049839561012E-018,3.32470314147785E-018,2.89557069245195E-018,2.51755920157402E-018,2.18542207789108E-018,1.89426212118E-018
2.48460983839706E-019,5.92659690652829E-019,1.05842240994351E-018,1.67667546802935E-018,2.48373512216354E-018,3.52115579556458E-018,4.83477783191555E-018,6.47240911537883E-018,8.47926174940546E-018,1.08897936882356E-017,1.37138994153941E-017,1.6914341196693E-017,2.03707483252427E-017,2.00534187801072E-017,1.93119610239634E-017,1.82841284287048E-017,1.70784355313657E-017,1.57781482253802E-017,1.44454857367155E-017,1.3125588779417E-017,1.18500431740884E-017,1.06398858830051E-017,9.50809713749283E-018,8.46162159893114E-018,7.50297836005257E-018,6.63152358059245E-018,5.84442658199407E-018,5.13741389919136E-018,4.50532822320911E-018,3.94254155686708E-018,3.44325486529442E-018,3.00171030760835E-018,2.6123368616921E-018,2.26984576781444E-018,1.96928863281869E-018
2.56482344043913E-019,6.1101922835426E-019,1.08982583479843E-018,1.72422830401216E-018,2.55093220020865E-018,3.61184023837673E-018,4.95305947255667E-018,6.62253289059796E-018,8.6654205442843E-018,1.11158904303999E-017,1.39832850817722E-017,1.72295973537123E-017,2.07336588340444E-017,2.04218296603746E-017,1.96809899831994E-017,1.86490706193873E-017,1.74350763676825E-017,1.61229302446525E-017,1.47755712274171E-017,1.34388523641285E-017,1.2145020741501E-017,1.09156992852562E-017,9.76436830342562E-018,8.6983852009277E-018,7.72059878567865E-018,6.83061951191383E-018,6.02580477920527E-018,5.30201264387121E-018,4.65417015138474E-018,4.07669518442498E-018,3.56380388678784E-018,3.10972966595902E-018,2.70887459106316E-018,2.35590966987102E-018,2.04583693342306E-018
2.64633454234079E-019,6.29653841142711E-019,1.12166254204755E-018,1.77238140228776E-018,2.61889967369169E-018,3.7034613056806E-018,5.07243189619063E-018,6.77388094806263E-018,8.85290857444654E-018,1.13433871795927E-017,1.42541057003803E-017,1.75462911245152E-017,2.10979850310068E-017,2.07917575148825E-017,2.00516606793848E-017,1.90157963288831E-017,1.77936493392506E-017,1.64697891884575E-017,1.51078652865665E-017,1.37544358798147E-017,1.24424045785794E-017,1.11939777681663E-017,1.00231352270542E-017,8.93764798544032E-018,7.94069652901756E-018,7.03214828417068E-018,6.20955181445337E-018,5.46889994803533E-018,4.80520731624918E-018,4.2129407629865E-018,3.68633445490971E-018,3.21961560290114E-018,2.80716160813119E-018,2.44360516734707E-018,2.12390034694998E-018
2.72914101828275E-019,6.48562749039968E-019,1.1539307865984E-018,1.82113163471952E-018,2.68763262546333E-018,3.79601193750994E-018,5.19288564210904E-018,6.92644130262884E-018,9.04171135977901E-018,1.15722671245356E-017,1.45263423532266E-017,1.7864401640556E-017,2.14637040530939E-017,2.11631767649883E-017,2.04239444672655E-017,1.93842737774871E-017,1.81541197904825E-017,1.68186880580072E-017,1.54423292886055E-017,1.40722998796106E-017,1.27421552299284E-017,1.14746826260768E-017,1.02843606150815E-017,9.17937461568341E-018,8.16323862724688E-018,7.23607960174099E-018,6.39564023799315E-018,5.63805128583572E-018,4.95841810912533E-018,4.35125952586297E-018,3.8108305168991E-018,3.33135461285225E-018,2.90718676149665E-018,2.53292325434582E-018,2.20347179734151E-018
2.81324068219525E-019,6.67745165707333E-019,1.18662882441533E-018,1.87047589115811E-018,2.75712618386969E-018,3.88948515740947E-018,5.31441138004804E-018,7.08020215219421E-018,9.23181465690767E-018,1.18025137407793E-017,1.47999764529062E-017,1.81839084032012E-017,2.18307934495803E-017,2.153606229889E-017,2.07978132298257E-017,1.97544717702593E-017,1.8516453690754E-017,1.71695904956609E-017,1.57789252381247E-017,1.43924055093482E-017,1.30442337724451E-017,1.17577756073705E-017,1.05480075378767E-017,9.42353002165296E-018,8.3881922859688E-018,7.4423832417971E-018,6.58404258323544E-018,5.80944203327964E-018,5.11378075173702E-018,4.49163247595105E-018,3.9372757396115E-018,3.44493287047919E-018,3.00893855066641E-018,2.62385455575217E-018,2.28454382746754E-018
2.89863129140255E-019,6.87200299055109E-019,1.21975491316368E-018,1.92041107981734E-018,2.82737552248043E-018,3.98387407109791E-018,5.43699990739572E-018,7.23515187316975E-018,9.42320445284705E-018,1.20341107826771E-017,1.5074989733221E-017,1.85047912732792E-017,2.21992311704857E-017,2.19103894585597E-017,2.1173239363589E-017,2.01263596811414E-017,1.88806176182664E-017,1.75224607697012E-017,1.61176157567141E-017,1.47147144974602E-017,1.33486018089738E-017,1.20432189122583E-017,1.08140394314794E-017,9.67007940618477E-018,8.61552488896423E-018,7.65102906726585E-018,6.77473138234724E-018,5.98304748587433E-018,5.27127331531092E-018,4.6340404057387E-018,4.0656535299288E-018,3.56033625107573E-018,3.11240514603072E-018,2.71638934650938E-018,2.3671086174682E-018
2.98531055007632E-019,7.06927351815905E-019,1.25330731280731E-018,1.97093412760507E-018,2.89837585979063E-018,4.07917186514448E-018,5.56064214647419E-018,7.39127901610498E-018,9.61586695888936E-018,1.226704227568E-017,1.53513642401812E-017,1.88270304610563E-017,2.2568995555477E-017,2.22861340272037E-017,2.15501957645062E-017,2.04999074376864E-017,1.92465787444934E-017,1.78772637596016E-017,1.64583640701565E-017,1.50391891450379E-017,1.36552214619031E-017,1.23309751902999E-017,1.10824200991455E-017,9.91898825038462E-018,8.84520400718324E-018,7.86198703892587E-018,6.96767918092586E-018,6.15884287531653E-018,5.43087373872342E-018,4.77846391638207E-018,4.19594705428645E-018,3.67755035011871E-018,3.217574408091E-018,2.81051757022555E-018,2.45115800250822E-018
3.0732761125085E-019,7.26925522084004E-019,1.2872842861627E-018,2.02204198041261E-018,2.97012245889933E-018,4.17537180565989E-018,5.68532914189428E-018,7.54857230145983E-018,9.80978860472179E-018,1.25012925089341E-017,1.5629082323369E-017,1.9150606516614E-017,2.29400653232119E-017,2.26632722172209E-017,2.19286558143981E-017,2.08750855063722E-017,1.96143048191848E-017,1.82339649417645E-017,1.6801133995953E-017,1.53657923160442E-017,1.39640553667248E-017,1.26210075376865E-017,1.13531137124676E-017,1.01702223184731E-017,9.07719740701958E-018,8.07522722669176E-018,7.16285855179679E-018,6.33680338527424E-018,5.59255984573732E-018,4.9248834358933E-018,4.32813925735217E-018,3.79656050203165E-018,3.32443390596158E-018,2.90622885712746E-018,2.53668348995557E-018
3.16252558621393E-019,7.47194003822848E-019,1.32168409941267E-018,2.07373160336595E-018,3.04261062716755E-018,4.27246723700308E-018,5.811052057981E-018,7.70702061551759E-018,1.0004956032761E-017,1.27368460281664E-017,1.59081266276454E-017,1.94755003206089E-017,2.33124195611013E-017,2.30417806586329E-017,2.23085933679268E-017,2.12518648784681E-017,1.99837641559015E-017,1.85925303757128E-017,1.71458899311723E-017,1.56944874276853E-017,1.42750666655643E-017,1.29132794943092E-017,1.16260848121067E-017,1.04237476620856E-017,9.31147305791401E-018,8.29071982013233E-018,7.36024210798243E-018,6.51690416630654E-018,5.75630936137019E-018,5.0732792364773E-018,4.46221287988981E-018,3.91735179818407E-018,3.43297093516842E-018,3.00351254137943E-018,2.62367627599693E-018
3.25305653487228E-019,7.67731987342574E-019,1.35650502258217E-018,2.12599998104179E-018,3.11583571585827E-018,4.37045158050451E-018,5.93780217626792E-018,7.86661300643285E-018,1.02013560926949E-017,1.2973687628845E-017,1.61884800851822E-017,1.98016930753938E-017,2.36860377154705E-017,2.34216363879633E-017,2.26899827400665E-017,2.16302170564291E-017,2.03549256180579E-017,1.89529266907156E-017,1.74925968406142E-017,1.60252384409416E-017,1.4588219000698E-017,1.32077550406357E-017,1.19012983081632E-017,1.06795306240654E-017,9.54799913932845E-018,8.50843513826682E-018,7.55980251488622E-018,6.69912034996424E-018,5.92209992743525E-018,5.22363145105442E-018,4.59815047584064E-018,4.03990910415415E-018,3.54317253476731E-018,3.10235767778497E-018,2.71212726170315E-018
3.34486648111806E-019,7.88538659749399E-019,1.39174532997899E-018,2.1788441176511E-018,3.18979311976065E-018,4.46931833320678E-018,6.06557089305848E-018,8.02733868040917E-018,1.03989758362221E-017,1.32118023495987E-017,1.64701259078032E-017,2.01291662964827E-017,2.40608995820969E-017,2.38028168375424E-017,2.30727986940501E-017,2.20101140407914E-017,2.07277586054487E-017,1.93151210728312E-017,1.78412202452791E-017,1.6358009851259E-017,1.49034765080663E-017,1.35043985944157E-017,1.21787194802183E-017,1.09375378417834E-017,9.78674404712987E-018,8.7283436386808E-018,7.76151250173383E-018,6.88342706211235E-018,6.08990911729273E-018,5.37592008900376E-018,4.73593442865297E-018,4.16421707628103E-018,3.65502550380346E-018,3.20275305788839E-018,2.8020270685575E-018
3.43795290918723E-019,8.09613205368546E-019,1.42740330060137E-018,2.23226103719289E-018,3.26447827680049E-018,4.56906106662319E-018,6.19434971705256E-018,8.18918699800115E-018,1.05978025119796E-017,1.3451175465885E-017,1.67530475796186E-017,2.04579018043417E-017,2.44369852971068E-017,2.41852998252159E-017,2.34570164297682E-017,2.23915283175446E-017,2.11022330412372E-017,1.9679081252351E-017,1.81917262111335E-017,1.6692766679401E-017,1.52208038107933E-017,1.38031750072337E-017,1.24583139770694E-017,1.11977362500185E-017,1.00276763994209E-017,8.95041592600049E-018,7.96534487231133E-018,7.06979943551311E-018,6.25971444984887E-018,5.53012505116108E-018,4.87554696689018E-018,4.29026017753294E-018,3.76851641713426E-018,3.30468722549401E-018,2.89336605346006E-018
3.53231326742821E-019,8.30954806142282E-019,1.46347721851504E-018,2.2862477835804E-018,3.33988666763893E-018,4.66967342551475E-018,6.32413026703618E-018,8.35214747053591E-018,1.07978235606505E-017,1.3691792483893E-017,1.70372288499388E-017,2.07878817164903E-017,2.48142753282135E-017,2.45690635444386E-017,2.38426115725971E-017,2.27744328459594E-017,2.14783193593862E-017,2.00447754916289E-017,1.85440813381649E-017,1.70294744624617E-017,1.55401660127223E-017,1.4104049560926E-017,1.27400478161876E-017,1.1460093083428E-017,1.0270765041851E-017,9.17462275976241E-018,8.17127251503768E-018,7.25821262170626E-018,6.43149340283699E-018,5.68622614410327E-018,5.01697017914595E-018,4.41802269271594E-018,3.883631640636E-018,3.4081484916197E-018,2.98613432322132E-018
3.62794497068473E-019,8.5256264200454E-019,1.49996537320138E-018,2.34080142074199E-018,3.4160138152609E-018,4.77114912668606E-018,6.45490426963292E-018,8.51620975664924E-018,1.09990266102435E-017,1.39336391346712E-017,1.73226537264532E-017,2.11190884398972E-017,2.51927504662794E-017,2.49540865547334E-017,2.42295601626368E-017,2.31588010468478E-017,2.18559884925114E-017,2.0412172573281E-017,1.88982527497156E-017,1.73680992450389E-017,1.58615286919735E-017,1.4406987963879E-017,1.3023887382916E-017,1.17245758786363E-017,1.05159790524416E-017,9.40093506171287E-018,8.37926841240678E-018,7.4486418022215E-018,6.60522342541434E-018,5.84420309375029E-018,5.16018602829438E-018,4.5474887430477E-018,4.00035734581551E-018,3.51312494890186E-018,3.08032174855815E-018
3.72484540255736E-019,8.74435891233497E-019,1.5368660598789E-018,2.3959190326987E-018,3.49285528455502E-018,4.8734819578003E-018,6.58666355711494E-018,8.68136365893186E-018,1.12013994715365E-017,1.41767013684685E-017,1.76093064686611E-017,2.14515046636571E-017,2.55723918171868E-017,2.53403477724986E-017,2.46178386443373E-017,2.35446067912373E-017,2.22352118601383E-017,2.07812417887413E-017,1.92542080820888E-017,1.77086075705667E-017,1.61848578945325E-017,1.47119563472219E-017,1.33097994294334E-017,1.19911524759691E-017,1.0763287745953E-017,9.62932392256973E-018,8.58930564983269E-018,7.64106219915623E-018,6.78088195010606E-018,6.00403555831405E-018,5.3051763651017E-018,4.67864230011978E-018,4.11867952384631E-018,3.61960448546827E-018,3.17591797760549E-018
3.82301191755042E-019,8.96573730783417E-019,1.57417757979955E-018,2.45159772362034E-018,3.57040668188633E-018,4.97666577621365E-018,6.7194000652721E-018,8.84759912068147E-018,1.14049301336769E-017,1.44209653492794E-017,1.78971715815438E-017,2.17851133519339E-017,2.5953180794003E-017,2.57278264621463E-017,2.50074238564971E-017,2.39318243894385E-017,2.26159613573464E-017,2.11519529271598E-017,1.96119154744191E-017,1.80509664728066E-017,1.65101201278745E-017,1.50189212609273E-017,1.35977510735008E-017,1.22597910208564E-017,1.10126606778248E-017,9.859760608277E-018,8.8013574239295E-018,7.83544908514985E-018,6.95844640412683E-018,6.16570314062254E-018,5.45192294122537E-018,4.81146719927096E-018,4.23858399904924E-018,3.72757479829506E-018,3.27291244895647E-018
3.92244184311024E-019,9.1897533659695E-019,1.61189824052162E-018,2.50783461786189E-018,3.64866365466298E-018,5.08069450782915E-018,6.85310583133733E-018,9.01490622275643E-018,1.16096067599322E-017,1.46664174495831E-017,1.81862338094644E-017,2.21198977371588E-017,2.63350991094252E-017,2.61165022275572E-017,2.53982930226145E-017,2.43204285804897E-017,2.29982093437832E-017,2.15242762646306E-017,1.99713435587981E-017,1.83951434674958E-017,1.68372823546315E-017,1.53278496698327E-017,1.3887709797009E-017,1.25304599649282E-017,1.12640676477126E-017,1.00922165657814E-017,9.01539705025586E-018,8.03177779278467E-018,7.13789422010867E-018,6.32918539984618E-018,5.60040742162505E-018,4.94594715239388E-018,4.36005644183628E-018,3.83702340606391E-018,3.37129440424424E-018
4.02313248156071E-019,9.41639883899019E-019,1.65002635616074E-018,2.56462685998162E-018,3.72762189089826E-018,5.18556214597027E-018,6.98777299196676E-018,9.18327518052715E-018,1.18154176835838E-017,1.49130442452679E-017,1.84764781302868E-017,2.24558413134706E-017,2.67181287684926E-017,2.65063550038359E-017,2.57904237415766E-017,2.47103945219605E-017,2.33819286330324E-017,2.1898182553736E-017,2.03324614506492E-017,1.87411065441508E-017,1.71663119863048E-017,1.56387089495933E-017,1.41796434443453E-017,1.28031280668234E-017,1.1517478702649E-017,1.03266634283575E-017,9.2313979705522E-018,8.23002372344156E-018,7.31920284626256E-018,6.49446186265215E-018,5.75061139640937E-018,5.08206576019594E-018,4.48308238113619E-018,3.9479376615349E-018,3.47105290027812E-018
4.1250811119414E-019,9.64566547473375E-019,1.68856024762037E-018,2.62197161474268E-018,3.80727711876882E-018,5.29126275027402E-018,7.12339378127284E-018,9.35269634092133E-018,1.20223514039583E-017,1.51608325107332E-017,1.87678897497025E-017,2.27929278303872E-017,2.71022520615531E-017,2.6897365049354E-017,2.61837939786703E-017,2.51016977800992E-017,2.37670924823229E-017,2.2273643013397E-017,2.06952387393441E-017,1.90888241580256E-017,1.74971768770299E-017,1.59514668825767E-017,1.44735202205936E-017,1.30777643927338E-017,1.17728641398503E-017,1.05630730205077E-017,9.44933375949765E-018,8.43016235563717E-018,7.5023497560001E-018,6.6615120338118E-018,5.90251639214118E-018,5.21980652393509E-018,4.60764721631988E-018,4.06030476345058E-018,3.57217682074675E-018
4.22828499175355E-019,9.8775450192279E-019,1.72749824280311E-018,2.67986606709925E-018,3.88762510617012E-018,5.39779044560377E-018,7.25996052890896E-018,9.52316017955959E-018,1.22303965825895E-017,1.54097692141595E-017,1.90604540957556E-017,2.31311412866976E-017,2.74874515574732E-017,2.72895129380667E-017,2.65783820569004E-017,2.5494314320308E-017,2.41536745825616E-017,2.26506293190172E-017,2.10596454790527E-017,1.94382652222207E-017,1.78298453173953E-017,1.62660916537084E-017,1.47693086895824E-017,1.33543383166993E-017,1.20301945091919E-017,1.0801417362461E-017,9.66917813101177E-018,8.63216925286847E-018,7.68731245703977E-018,6.83031540628437E-018,6.05610388262334E-018,5.35915285665038E-018,4.73373622864298E-018,4.174111767986E-018,3.67465488750078E-018
4.33274135861866E-019,1.01120292191385E-018,1.76683867680414E-018,2.73830742216864E-018,3.96866166026997E-018,5.50513942098153E-018,7.39746565820406E-018,9.69465729797791E-018,1.24395420395076E-017,1.56598415129409E-017,1.93541568135576E-017,2.34704659245649E-017,2.78737100970796E-017,2.7682779552092E-017,2.69741666486011E-017,2.5888220497933E-017,2.45416490486799E-017,2.30291135929092E-017,2.14256521798209E-017,1.97893990999433E-017,1.81642860283205E-017,1.65825518462774E-017,1.50669777717949E-017,1.36328195206732E-017,1.22894406153723E-017,1.10416686742921E-017,9.8909049441251E-018,8.83602007098861E-018,7.87406850002211E-018,7.00085147080008E-018,6.21135529918592E-018,5.50008809390617E-018,4.86133459222246E-018,4.28934559975941E-018,3.7784756714272E-018
4.43844743185416E-019,1.03491098240718E-018,1.80657989208781E-018,2.79729290519055E-018,4.05038262706091E-018,5.61330392853978E-018,7.53590168434569E-018,9.86717842093368E-018,1.26497767496475E-017,1.59110367492709E-017,1.96489837601833E-017,2.38108862238294E-017,2.82610107868236E-017,2.8077146074539E-017,2.73711267673286E-017,2.62833930493538E-017,2.49309904102791E-017,2.34090683949941E-017,2.17932297988689E-017,2.01421955969145E-017,1.85004681549943E-017,1.69008164377089E-017,1.53664967421536E-017,1.39131779943749E-017,1.25505735197854E-017,1.12837993796851E-017,1.01144882084411E-017,9.04169056513725E-018,8.06259548665594E-018,7.17309972496401E-018,6.36825204049533E-018,5.64259550406869E-018,4.99042738456387E-018,4.40599306241789E-018,3.88362760292762E-018
4.54540041397071E-019,1.05887785887401E-018,1.84672023864862E-018,2.85681976147441E-018,4.13278389091212E-018,5.72227828249252E-018,7.67526121261E-018,1.00407143937921E-017,1.28610898393739E-017,1.61633424458769E-017,1.99449209997391E-017,2.41523868965052E-017,2.8649336992656E-017,2.8472593982576E-017,2.77692417600215E-017,2.66798090833615E-017,2.53216736025631E-017,2.37904667137643E-017,2.21623497321031E-017,2.04966249539231E-017,1.88383612608773E-017,1.72208547953129E-017,1.56678352276895E-017,1.41953840349425E-017,1.28135645421196E-017,1.15277821093585E-017,1.03399020892113E-017,9.24915659624726E-018,8.2528710774177E-018,7.3470396819017E-018,6.52677548190452E-018,5.78665829813254E-018,5.12099959665486E-018,4.52404084881173E-018,3.99009898201204E-018
4.65359749209482E-019,1.08310272749973E-018,1.88725807415742E-018,2.91688525633596E-018,4.21586137412156E-018,5.83205685812559E-018,7.81553693663753E-018,1.02152561799902E-017,1.30734705831167E-017,1.64167463018954E-017,2.02419547985973E-017,2.44949528814592E-017,2.90386723341059E-017,2.88691050407271E-017,2.81684912994181E-017,2.70774460728119E-017,2.5713673957547E-017,2.41732819574982E-017,2.25329838058367E-017,2.08526578395216E-017,1.91779353217696E-017,1.75426366720128E-017,1.59709632051087E-017,1.44794082464025E-017,1.30783852617E-017,1.17735897041737E-017,1.05671209120431E-017,9.45839413714847E-018,8.44487299882409E-018,7.52265087846622E-018,6.68690698436315E-018,5.93225963911442E-018,5.25303614264071E-018,4.64347555077126E-018,4.09787798802E-018
4.76303583932094E-019,1.10758476537529E-018,1.92819176409396E-018,2.97748667502391E-018,4.29961103646881E-018,5.94263409080583E-018,7.95672163675302E-018,1.03907948585751E-017,1.32869084001125E-017,1.66712361888821E-017,2.05400716207883E-017,2.48385693392665E-017,2.94290006785525E-017,2.92666612943869E-017,2.85688553767191E-017,2.74762818465426E-017,2.6106967195531E-017,2.45574879457204E-017,2.29051042687114E-017,2.1210265342864E-017,1.95191607199468E-017,1.78661322020627E-017,1.62758509982649E-017,1.4765221538968E-017,1.33450075185902E-017,1.2021195217943E-017,1.07961191672606E-017,9.66937927828832E-018,8.63857905029799E-018,7.69991288302574E-018,6.84862790290557E-018,6.0793826510305E-018,5.38652186909641E-018,4.76428366849906E-018,4.20695268898021E-018
4.87371261599647E-019,1.13232315067701E-018,1.96951968186654E-018,3.03862132263753E-018,4.38402887476926E-018,6.05400447500908E-018,8.09880817832832E-018,1.05673216218143E-017,1.35013928512482E-017,1.69268001469522E-017,2.08392581235436E-017,2.51832216472338E-017,2.98203061356831E-017,2.96652450635455E-017,2.89703142944852E-017,2.78762945815433E-017,2.65015294168286E-017,2.49430589008964E-017,2.32786837838149E-017,2.15694189666825E-017,1.98620082383645E-017,1.81913118967569E-017,1.65824692755475E-017,1.50527951281784E-017,1.36134034144694E-017,1.22705719199552E-017,1.10268715139361E-017,9.88208823308819E-018,8.83396711064623E-018,7.87880530284988E-018,7.0119195947338E-018,6.2280104274736E-018,5.52144156391018E-018,4.88645161959056E-018,4.31731105061997E-018
4.98562497094303E-019,1.15731706283558E-018,2.0112402089196E-018,3.10028652403603E-018,4.46911092242993E-018,6.16616256336669E-018,8.24178951018686E-018,1.07448277728752E-017,1.37169136360034E-017,1.71834263810445E-017,2.11395011529844E-017,2.55288953945835E-017,3.02125730521284E-017,3.00648389367134E-017,2.93728486597611E-017,2.82774627953691E-017,2.68973370937397E-017,2.53299694403554E-017,2.36536954209884E-017,2.19300906203997E-017,2.0206449054934E-017,1.85181466401379E-017,1.68907890471939E-017,1.53421005338932E-017,1.38835453132972E-017,1.25216932972344E-017,1.12593527836092E-017,1.00964973429532E-017,9.03101514416704E-018,8.05930779111196E-018,7.17676342691215E-018,6.37812603980524E-018,5.657779964792E-018,5.00996574769553E-018,4.4289409450352E-018
5.09877004261737E-019,1.18256568269468E-018,2.0533517348301E-018,3.16247962374038E-018,4.55485324900755E-018,6.27910296573031E-018,8.38565866304845E-018,1.09233047235709E-017,1.39334605894853E-017,1.7441103257304E-017,2.14407877399485E-017,2.58755763777923E-017,3.06057860062683E-017,3.04654257650385E-017,2.97764393774142E-017,2.8679765338786E-017,2.72943670627587E-017,2.57181945684311E-017,2.4030112649319E-017,2.2292252613375E-017,2.05524547368688E-017,1.88466076847066E-017,1.72007816625342E-017,1.5633109579149E-017,1.41554058417821E-017,1.27745330565469E-017,1.14935379837108E-017,1.03125830819524E-017,9.22970120640434E-018,8.24140005352422E-018,7.34314078368919E-018,6.52971254497764E-018,5.79552176742104E-018,5.13481233083229E-018,4.54183015903162E-018
5.21314496021487E-019,1.20806819265995E-018,2.09585265739328E-018,3.22519798582835E-018,4.64125195976909E-018,6.39282034825468E-018,8.53040874801339E-018,1.11027439921708E-017,1.4151023679555E-017,1.76998192995791E-017,2.17431050959501E-017,2.6223250596077E-017,3.09999298032009E-017,3.08669886566073E-017,3.01810676436805E-017,2.90831813886404E-017,2.7692596517009E-017,2.61077096688155E-017,2.44079093298109E-017,2.2655877648282E-017,2.08999972351034E-017,1.91766666471402E-017,1.7512418807175E-017,1.59257943888919E-017,1.44289578896633E-017,1.30290651261717E-017,1.17294023007061E-017,1.05303220611859E-017,9.43000344956511E-018,8.4250618546215E-018,7.51103307346254E-018,6.68275299299977E-018,5.93465163324471E-018,5.26097758936672E-018,4.65596640214754E-018
5.32874684471846E-019,1.23382377683876E-018,2.13874138269866E-018,3.28843899382328E-018,4.72830319525522E-018,6.50730943249823E-018,8.67603295508445E-018,1.12831372012725E-017,1.43695930040404E-017,1.7959563186028E-017,2.20464406092671E-017,2.65719042470225E-017,3.13949894698675E-017,3.12695109709228E-017,3.058671493991E-017,2.94876904409431E-017,2.80920029988957E-017,2.64984904971159E-017,2.47870597082304E-017,2.30209388146155E-017,2.12490488787859E-017,1.95082955040196E-017,1.78256725001303E-017,1.62201273885935E-017,1.47041746098205E-017,1.32852636574466E-017,1.19669211029736E-017,1.07496910328535E-017,9.63190012761522E-018,8.61027302370892E-018,7.68042173540082E-018,6.83723043406126E-018,6.07515419694237E-018,5.38844769366735E-018,4.7713373143683E-018
5.44557280989582E-019,1.25983162117132E-018,2.1820163251967E-018,3.35220005057732E-018,4.81600313084681E-018,6.62256499454112E-018,8.82252455172581E-018,1.14644760757341E-017,1.45891587880325E-017,1.82203237458295E-017,2.23507818411507E-017,2.69215237223449E-017,3.17909502503283E-017,3.16729763135516E-017,3.09933630265013E-017,2.98932723041588E-017,2.84925643929666E-017,2.68905131736095E-017,2.51675384081197E-017,2.33874095823239E-017,2.1599582369843E-017,1.98414665875719E-017,1.81405150909043E-017,1.65160813027599E-017,1.49810294182208E-017,1.3543103026104E-017,1.22060699434312E-017,1.09706668940404E-017,9.83536960106863E-018,8.79701346048812E-018,7.85128824573711E-018,6.99312792532745E-018,6.21701407356553E-018,5.51720877144752E-018,4.8879304735423E-018
5.56361996324721E-019,1.28609091355351E-018,2.22567590775689E-018,3.4164785781495E-018,4.90434797633496E-018,6.73858186412047E-018,8.96987688145775E-018,1.16467524406635E-017,1.48097113812613E-017,1.84820899559953E-017,2.26561165221518E-017,2.72720956037851E-017,3.21877976011817E-017,3.20773685309336E-017,3.14009939370203E-017,3.0299907092695E-017,2.88942589189767E-017,2.72837541761886E-017,2.55493204239753E-017,2.37552637955662E-017,2.19515707776193E-017,2.017615258143E-017,1.8456919256534E-017,1.68136291533422E-017,1.52594959937138E-017,1.38025578334077E-017,1.24468245619249E-017,1.1193226690233E-017,1.00403903414842E-017,8.98526314037577E-018,8.02361412374712E-018,7.15042853741813E-018,6.36021586536673E-018,5.64724691480557E-018,5.00573340250806E-018
5.68288540690662E-019,1.31260084395208E-018,2.26971856171772E-018,3.48127201767933E-018,4.99333397549468E-018,6.85535492378258E-018,9.11808336248602E-018,1.18299582194635E-017,1.50312412555501E-017,1.87448509382789E-017,2.29624325485601E-017,2.76236066591279E-017,3.2585517187122E-017,3.24826717053477E-017,3.18095899724934E-017,3.07075752205798E-017,2.92970651251452E-017,2.767819033349E-017,2.59323811145848E-017,2.412447566659E-017,2.23049875335905E-017,2.0512326516412E-017,1.8774857998595E-017,1.71127442580568E-017,1.55395482776848E-017,1.40636029071024E-017,1.26891608873917E-017,1.14173476185785E-017,1.0246940935683E-017,9.17500211952811E-018,8.19738093742527E-018,7.30911536058254E-018,6.50474416832818E-018,5.77854818697329E-018,5.12473357594184E-018
5.80336623849833E-019,1.33936060451245E-018,2.31414272692909E-018,3.54657782925621E-018,5.08295740566232E-018,6.97287910805161E-018,9.2671374863649E-018,1.20140854319311E-017,1.5253739002343E-017,1.90085959561767E-017,2.32697179789514E-017,2.797604383834E-017,3.29840948766298E-017,3.28888701500274E-017,3.22191336958708E-017,3.11162573953238E-017,2.97009618816015E-017,2.80737988182022E-017,2.63166961965189E-017,2.44950197697291E-017,2.26598064261497E-017,2.08499617663242E-017,1.90943046401779E-017,1.74134002286215E-017,1.5821160473576E-017,1.43262133021869E-017,1.29330550398088E-017,1.16430070309009E-017,1.04550000897003E-017,9.3662105395839E-018,8.37257030887088E-018,7.46917151058215E-018,6.65058357840148E-018,5.9110986287828E-018,5.24491842693477E-018
5.92505955195112E-019,1.36636938965951E-018,2.35894685178766E-018,3.61239349178526E-018,5.17321457731716E-018,7.09114940261474E-018,9.41703281669303E-018,1.21991261924075E-017,1.54771953303042E-017,1.92733144120195E-017,2.35779610308382E-017,2.83293942698245E-017,3.33835167377902E-017,3.32959484044205E-017,3.26296079266506E-017,3.15259346119578E-017,3.01059283740099E-017,2.84705571405443E-017,2.67022417377736E-017,2.48668710355171E-017,2.3016001595469E-017,2.11890320437887E-017,1.94152328228372E-017,1.77155709689161E-017,1.61043070462836E-017,1.45903643015209E-017,1.31784833319398E-017,1.18701824364853E-017,1.06645466324826E-017,9.55886863213847E-018,8.54916391939657E-018,7.63058013429286E-018,6.79771869746875E-018,6.04488426486169E-018,5.36627535330846E-018
6.04796243827234E-019,1.39362639619202E-018,2.40412939326558E-018,3.6787165028498E-018,5.26410183366717E-018,7.21016084352321E-018,9.56776298784078E-018,1.2385072707979E-017,1.57016010629864E-017,1.95389958441489E-017,2.388715007742E-017,2.86836452567853E-017,3.37837690342333E-017,3.37038912295871E-017,3.30409957356601E-017,3.19365881472398E-017,3.05119440973696E-017,2.8868443141912E-017,2.70889941515583E-017,2.52400047449157E-017,2.33735475284332E-017,2.15295113960983E-017,1.97376165035203E-017,1.80192306730723E-017,1.63889627214385E-017,1.48560314162751E-017,1.34254222708901E-017,1.20988515046414E-017,1.0875559519343E-017,9.75295672296002E-018,8.72714351437012E-018,7.7933244150373E-018,6.94613413903585E-018,6.1798911095659E-018,5.48879172367749E-018
6.17207198628344E-019,1.42113082337064E-018,2.449688816933E-018,3.74554437857101E-018,5.35561555023904E-018,7.32990851640914E-018,9.71932170370854E-018,1.25719172767257E-017,1.59269471365647E-017,1.9805629924177E-017,2.41972736444299E-017,2.90387842736986E-017,3.4184838221193E-017,3.41126836037312E-017,3.3453280439986E-017,3.23481995540257E-017,3.0918988849982E-017,2.92674349886839E-017,2.74769301902255E-017,2.56143965236542E-017,2.37324190536477E-017,2.1871374201101E-017,2.00614299514781E-017,1.83243538235E-017,1.66751024845809E-017,1.51231903862344E-017,1.36738485594802E-017,1.23289920670582E-017,1.10880178351855E-017,9.94845523595994E-018,8.90649090780107E-018,7.95738757765803E-018,7.09581453366719E-018,6.31610517265936E-018,5.61245488326743E-018
6.2973852833193E-019,1.44888187300022E-018,2.49562359697484E-018,3.81287465346497E-018,5.44775213447276E-018,7.45038755571783E-018,9.87170273651487E-018,1.27596522860172E-017,1.61532245976356E-017,2.00732064543252E-017,2.45083204070726E-017,2.93947989628861E-017,3.45867109416786E-017,3.45223107178593E-017,3.386644559805E-017,3.27607506557967E-017,3.13270427275796E-017,2.96675111661831E-017,2.78660269393387E-017,2.59900223366799E-017,2.40925913365195E-017,2.22145951631153E-017,2.0386647745162E-017,1.86309151888561E-017,1.69627015802326E-017,1.53918171799618E-017,1.39237390974469E-017,1.25605821199588E-017,1.13019007975093E-017,1.01453446969276E-017,9.08718798668224E-018,8.1227528933416E-018,7.24674453417198E-018,6.45351246474958E-018,5.73725215949623E-018
6.42389941589263E-019,1.47687874950644E-018,2.5419322162021E-018,3.88070488029752E-018,5.54050802532068E-018,7.57159314395499E-018,1.00248999256136E-017,1.29482702108529E-017,1.63804246010761E-017,2.03417153648393E-017,2.48202791870512E-017,2.97516771311873E-017,3.49893740227561E-017,3.49327579715635E-017,3.42804750048226E-017,3.31742235413381E-017,3.17360861176113E-017,3.00686504727902E-017,2.82562618118744E-017,2.63668584827138E-017,2.445403987441E-017,2.25591493088778E-017,2.07132447691111E-017,1.89388898219587E-017,1.72517355108774E-017,1.56618879948318E-017,1.41750709824823E-017,1.27935998260663E-017,1.15171877592018E-017,1.034360573704E-017,9.26921671509656E-018,8.28940368420329E-018,7.39890882055119E-018,6.59209900248749E-018,5.86317086732702E-018
6.55161147032543E-019,1.50512066000724E-018,2.5886131660582E-018,3.94903262993718E-018,5.63387969285127E-018,7.69352051094897E-018,1.01789071763392E-017,1.31377636122467E-017,1.66085384079631E-017,2.06111467114784E-017,2.51331389496797E-017,3.01094067467265E-017,3.53928144719344E-017,3.53440109689222E-017,3.46953526871704E-017,3.35886005595644E-017,3.21460996936784E-017,3.04708320142016E-017,2.86476125425533E-017,2.67448815889133E-017,2.48167404918606E-017,2.29050119835251E-017,2.10411962108324E-017,1.92482530576555E-017,1.7542180035853E-017,1.59333792569417E-017,1.44278215111185E-017,1.302802351639E-017,1.17338582111327E-017,1.05432190961555E-017,9.45255913809893E-018,8.45732332764203E-018,7.55229210471389E-018,6.73185081354009E-018,5.99019831439997E-018
6.68051853334902E-019,1.53360681437928E-018,2.63566494662048E-018,4.01785549120637E-018,5.72786363785753E-018,7.81616493312742E-018,1.03337184588792E-017,1.33281251356523E-017,1.683755738355E-017,2.08814906730751E-017,2.54468888010767E-017,3.04679759357706E-017,3.57970194736524E-017,3.57560555145157E-017,3.51110628993334E-017,3.40038643144847E-017,3.25570644101163E-017,3.08740351978288E-017,2.90400571822994E-017,2.71240686056359E-017,2.51806693358894E-017,2.32521588466104E-017,2.13704775576769E-017,1.95589805106473E-017,1.78340111701629E-017,1.6206267620906E-017,1.46819681794669E-017,1.32638316918398E-017,1.1951891784556E-017,1.07441656259028E-017,9.63719738538217E-018,8.62649526047432E-018,7.70687913497186E-018,6.87275394134387E-018,6.11832180595055E-018
6.81061769267399E-019,1.56233642531967E-018,2.68308606659745E-018,4.08717107073129E-018,5.82245639147024E-018,7.93952173280819E-018,1.04893278071736E-017,1.35193475094311E-017,1.70674729952973E-017,2.11527375491628E-017,2.57615179854385E-017,3.08273729796754E-017,3.62019763858637E-017,3.61688776095514E-017,3.55275901185254E-017,3.44199976603036E-017,3.29689614967167E-017,3.12782397273345E-017,2.94335740928211E-017,2.75043968013047E-017,2.55458028713588E-017,2.36005658681564E-017,2.17010645937148E-017,1.98710480732735E-017,1.8127205183213E-017,1.64805299695443E-017,1.49374886838191E-017,1.35010030246787E-017,1.21712682533296E-017,1.09464262925718E-017,9.82311367473631E-018,8.79690298285604E-018,7.8626547003206E-018,7.01479444964678E-018,6.24752864952151E-018
6.94190603753172E-019,1.59130870840322E-018,2.73087504332175E-018,4.15697699279055E-018,5.91765451477592E-018,8.06358627750413E-018,1.06457293178399E-017,1.3711423543358E-017,1.72982768109585E-017,2.14248777576702E-017,2.6077015882389E-017,3.11875863119161E-017,3.6607672736715E-017,3.65824634480955E-017,3.59449190406544E-017,3.48369836966532E-017,3.33817724535852E-017,3.16834255973008E-017,2.98281419413125E-017,2.78858437573716E-017,2.59121178764134E-017,2.39502093247458E-017,2.2032933396612E-017,2.01844319132624E-017,1.84217385974779E-017,1.67561434134652E-017,1.5194360921118E-017,1.37395163598206E-017,1.23919675359623E-017,1.11499821798166E-017,1.00102903153097E-017,8.96853006200048E-018,8.0196036345148E-018,7.15795842684633E-018,6.37780615947552E-018
7.07438065918857E-019,1.62052288213555E-018,2.77903040273944E-018,4.22727089916294E-018,6.01345459843975E-018,8.18835397924162E-018,1.08029171491226E-017,1.39043461271657E-017,1.75299604967152E-017,2.16979018326783E-017,2.63933720044011E-017,3.15486045151994E-017,3.70140962213153E-017,3.69967994134064E-017,3.63630345761584E-017,3.52548057639513E-017,3.37954790461309E-017,3.20895730880261E-017,3.02237396952709E-017,2.82683873633769E-017,2.62795914379875E-017,2.43010657956489E-017,2.23660603345105E-017,2.0499108471451E-017,1.87175881871037E-017,1.7033085290556E-017,1.54525629893053E-017,1.39793507159816E-017,1.26139696974941E-017,1.1354814491179E-017,1.01987097106801E-017,9.14136013570065E-018,8.17771081994608E-018,7.30223199013116E-018,6.5091416613152E-018
7.20803865143435E-019,1.6499781680021E-018,2.82755067939562E-018,4.29805044897435E-018,6.10985326233327E-018,8.31382029389236E-018,1.09608855198682E-017,1.40981082291265E-017,1.77625158153631E-017,2.19718004222385E-017,2.67105759942911E-017,3.19104163186543E-017,3.74212346985921E-017,3.74118720743669E-017,3.67819218459525E-017,3.56734474388815E-017,3.42100633001823E-017,3.24966627604456E-017,3.06203466174271E-017,2.86520058121038E-017,2.66482009473809E-017,2.46531121589906E-017,2.27004220629151E-017,2.08150544594773E-017,1.901473097645E-017,1.7311333165382E-017,1.57120731875526E-017,1.42204852866915E-017,1.28372549512185E-017,1.15609045524391E-017,1.03883543617437E-017,9.31537691566344E-018,8.33696119133029E-018,7.44760128943306E-018,6.64152249581724E-018
7.34287711104588E-019,1.67967379051342E-018,2.87643441641671E-018,4.36931331854419E-018,6.20684715516703E-018,8.4399807205183E-018,1.11196287085225E-017,1.42927028946684E-017,1.79959346245458E-017,2.22465642862504E-017,2.70286176227788E-017,3.22730105950989E-017,3.78290761882316E-017,3.78276681820115E-017,3.72015661774833E-017,3.60928925299904E-017,3.46255074972263E-017,3.29046754511726E-017,3.10179422607863E-017,2.90366775948237E-017,2.70179240959033E-017,2.50063255879569E-017,2.30359955215873E-017,2.11322468574483E-017,1.93131442385773E-017,1.75908648285019E-017,1.59728700163819E-017,1.44628994411737E-017,1.30618036602556E-017,1.17682338138017E-017,1.057920686943E-017,9.49056419066349E-018,8.4973397392117E-018,7.59405251119617E-018,6.77493602298682E-018
7.47889313822711E-019,1.7096089772469E-018,2.92568016548969E-018,4.44105720123137E-018,6.30443295412806E-018,8.56683080072934E-018,1.12791410521521E-017,1.44881232450275E-017,1.82302088750343E-017,2.25221842943961E-017,2.73474867861154E-017,3.26363763583798E-017,3.82376088677001E-017,3.82441746661458E-017,3.76219531008871E-017,3.65131250733993E-017,3.50417941697651E-017,3.33135922676565E-017,3.14165064637762E-017,2.94223814966332E-017,2.73887388705855E-017,2.536068354704E-017,2.33727579314503E-017,2.14506629115874E-017,1.96128054936838E-017,1.78716582957037E-017,1.6234932177683E-017,1.47065727250983E-017,1.32875963389799E-017,1.1976783851926E-017,1.07712499372494E-017,9.66690582952355E-018,8.65883151329099E-018,7.74157188197034E-018,6.90936962583874E-018
7.61608383702682E-019,1.73978295888501E-018,2.97528648683843E-018,4.51327980728011E-018,6.40260736452232E-018,8.69436611805358E-018,1.14394169454871E-017,1.46843624759318E-017,1.84653306090519E-017,2.27986514241289E-017,2.76671735037734E-017,3.30005027607828E-017,3.86468210693443E-017,3.86613786320533E-017,3.80430683452474E-017,3.69341293286249E-017,3.54589060967892E-017,3.37233945834537E-017,3.18160193454984E-017,2.98090965918781E-017,2.77606235499576E-017,2.57161637883257E-017,2.37106867915048E-017,2.17702801318645E-017,1.99136925074946E-017,1.81536918071674E-017,1.64982385746319E-017,1.49514848612172E-017,1.35146136543134E-017,1.21865363718042E-017,1.09644663736802E-017,9.84438578392835E-018,8.82142162558363E-018,7.89014567183442E-018,7.04481071401094E-018
7.75444631573484E-019,1.77019496925046E-018,3.02525194919726E-018,4.58597886366559E-018,6.50136711942191E-018,8.82258229731979E-018,1.16004508399862E-017,1.48814138563192E-017,1.87012919586412E-017,2.3075956758716E-017,2.79876679161982E-017,3.33653790905107E-017,3.90567012775663E-017,3.90792673572891E-017,3.84648978349505E-017,3.73558897745065E-017,3.58768262993599E-017,3.41340640336083E-017,3.22164613010821E-017,3.01968022396644E-017,2.81335566998914E-017,2.60727443478193E-017,2.40497598757584E-017,2.20910762896096E-017,2.02157832896088E-017,1.84369438265585E-017,1.67627683115162E-017,1.5197615749885E-017,1.37428364268866E-017,1.2397473208497E-017,1.11588390944032E-017,1.00229880910789E-017,8.98509525341525E-018,8.03976019765621E-018,7.18124672721647E-018
7.89397768725791E-019,1.80084424533817E-018,3.07557512978217E-018,4.65915211393968E-018,6.60070897931731E-018,8.9514750040519E-018,1.17622372429228E-017,1.50792707270857E-017,1.89380851440747E-017,2.33540914853317E-017,2.83089602826185E-017,3.3730994769228E-017,3.94672381260725E-017,3.94978282885552E-017,3.88874276861326E-017,3.77783911052356E-017,3.62955380363007E-017,3.45455825101398E-017,3.26178129971361E-017,3.05854780794537E-017,2.85075171695095E-017,2.64304035418142E-017,2.43899552301692E-017,2.24130294151156E-017,2.05190560918067E-017,1.87213930400561E-017,1.7028500693474E-017,1.54449454694726E-017,1.39722456320767E-017,1.26095763287317E-017,1.13543511243883E-017,1.0202696876193E-017,9.1498376422601E-018,8.19040182619468E-018,7.31866513853935E-018
8.03467506947608E-019,1.83173002734452E-018,3.12625461425965E-018,4.73279731807684E-018,6.70062973177432E-018,9.08103994387526E-018,1.19247707164912E-017,1.52779264998644E-017,1.91757024723034E-017,2.36330468932005E-017,2.86310409789142E-017,3.4097339349668E-017,3.98784203951923E-017,3.9917049038656E-017,3.93106442032184E-017,3.82016182264846E-017,3.6715024799992E-017,3.49579321576334E-017,3.30200553672969E-017,3.09751040267407E-017,2.88824840871565E-017,2.67891199633005E-017,2.47312511696065E-017,2.27361177952295E-017,2.08234894063214E-017,1.90070183553218E-017,1.72954152261494E-017,1.56934542766795E-017,1.42028224009275E-017,1.28228278323695E-017,1.15509855998413E-017,1.03834963548589E-017,9.31563410842865E-018,8.34205697705032E-018,7.45705345757999E-018
8.1765355855805E-019,1.86285155869374E-018,3.17728899671327E-018,4.80691225232028E-018,6.80112619109591E-018,9.21127286193425E-018,1.2088045876933E-017,1.54773746558336E-017,1.94141363354467E-017,2.39128143717872E-017,2.89539004955389E-017,3.44644025133019E-017,4.02902370092655E-017,4.03369173835307E-017,3.97345338755465E-017,3.86255562516316E-017,3.71352703122669E-017,3.53710953689309E-017,3.34231696078702E-017,3.13656602688121E-017,2.92584368564341E-017,2.7148872478416E-017,2.50736262748273E-017,2.30603199709364E-017,2.11290619640773E-017,1.92937989004115E-017,1.75634916152701E-017,1.59431226067485E-017,1.44345480209559E-017,1.3037209953747E-017,1.17487257700151E-017,1.05653708352474E-017,9.48247004161002E-018,8.49471212546916E-018,7.59639923345502E-018
8.3195563643935E-019,1.8942080860618E-018,3.22867687960848E-018,4.88149470902859E-018,6.90219519798882E-018,9.34216954232127E-018,1.22520573936829E-017,1.5677608744554E-017,1.96533792093185E-017,2.41933854090342E-017,2.92775294354954E-017,3.48321740680669E-017,4.07026770340952E-017,4.07574212593599E-017,4.01590833740784E-017,3.90501904980777E-017,3.75562585204045E-017,3.57850547809188E-017,3.38271371735637E-017,3.17571272605845E-017,2.9635355152298E-017,2.7509640222937E-017,2.54170593894722E-017,2.33856147349379E-017,2.14357527328991E-017,1.95817140226346E-017,1.78327097661527E-017,1.61939310735895E-017,1.46674039368524E-017,1.32527050628987E-017,1.19475549988922E-017,1.07483047201881E-017,9.65033090727497E-018,8.64835380500581E-018,7.73669005765708E-018
8.4637345406718E-019,1.92579885939779E-018,3.28041687375536E-018,4.95654249652271E-018,7.00383361923499E-018,9.47372580751665E-018,1.2416799988533E-017,1.58786223828331E-017,1.98934236519906E-017,2.44747515896429E-017,2.96019185123634E-017,3.52006439461516E-017,4.11157296744649E-017,4.11785487597452E-017,4.05842795481902E-017,3.9475506483654E-017,3.79779735932182E-017,3.61997932704114E-017,3.42319397733084E-017,3.21494857205187E-017,3.00132189172164E-017,2.78714025988128E-017,2.57615296170809E-017,2.37119811292266E-017,2.17435409156943E-017,1.98707432873649E-017,1.81030497831373E-017,1.64458604698159E-017,1.49013717510789E-017,1.34692956666649E-017,1.21474567667437E-017,1.0932282509116E-017,9.81920224894474E-018,8.80296861005085E-018,7.87791356677929E-018
8.60906725539359E-019,1.95762313194306E-018,3.33250759826985E-018,5.03205343893366E-018,7.10603834736765E-018,9.60593751783922E-018,1.2582268434816E-017,1.60804092536164E-017,2.01342623023911E-017,2.4756904593398E-017,2.9927058548376E-017,3.55698022018371E-017,4.15293842717165E-017,4.16002881329575E-017,4.10101094225422E-017,3.99014899231162E-017,3.84003999172353E-017,3.66152939501245E-017,3.46375593661664E-017,3.25427166266113E-017,3.03920083573883E-017,2.82341392707394E-017,2.61070163181264E-017,2.4039398442658E-017,2.20524059486107E-017,2.0160866476806E-017,1.83744919689589E-017,1.66988917666992E-017,1.51364332243697E-017,1.36869644096905E-017,1.23484146715698E-017,1.11172887998926E-017,9.98906969033078E-018,8.95854319822721E-018,8.02005744510906E-018
8.75555165603015E-019,1.98968016024811E-018,3.38494768053326E-018,5.10802537605079E-018,7.20880630035214E-018,9.73880057090753E-018,1.27484575566053E-017,1.62829631049046E-017,2.03758878789377E-017,2.50398361935343E-017,3.02529404725451E-017,3.59396390093907E-017,4.19436303013885E-017,4.20226277792529E-017,4.1436560194025E-017,4.03281267247225E-017,3.88235220929653E-017,3.70315401647393E-017,3.50439781573221E-017,3.29368012124583E-017,3.07717039390215E-017,2.85978301627766E-017,2.64534991070727E-017,2.43678462085234E-017,2.23623274991731E-017,2.04520635887136E-017,1.86470168240564E-017,1.69530061140448E-017,1.53725702761398E-017,1.39056940753201E-017,1.2550412430427E-017,1.13033082905074E-017,1.01599189373506E-017,9.1150642926609E-018,8.16310942709615E-018
8.90318489680285E-019,2.02196920418742E-018,3.43773575615045E-018,5.18445616317079E-018,7.31213442127133E-018,9.87231090111123E-018,1.29153622279336E-017,1.64862777486964E-017,2.06182931782033E-017,2.53235382551429E-017,3.05795553188324E-017,3.63101446610128E-017,4.23584573709114E-017,4.24455562482542E-017,4.18636192287794E-017,4.0755402986893E-017,3.92473249312556E-017,3.74485154870527E-017,3.54511785941569E-017,3.33317209633933E-017,3.11522863846692E-017,2.8962455455005E-017,2.68009578494523E-017,2.46973042021231E-017,2.26732854644E-017,2.07443148350803E-017,1.89206050458245E-017,1.72081848399952E-017,1.56097649848062E-017,1.41254675863929E-017,1.27534338806467E-017,1.14903257806647E-017,1.03317357800246E-017,9.27251868413022E-018,8.30705729969917E-018
9.05196413892608E-019,2.05448952697234E-018,3.49087046890663E-018,5.26134367094759E-018,7.41601967801574E-018,1.00064644790926E-017,1.30829773720272E-017,1.66903470599552E-017,2.08614710736139E-017,2.56080027336175E-017,3.0906894224366E-017,3.66813095648327E-017,4.27738552173593E-017,4.28690622363952E-017,4.22912740592881E-017,4.11833049949491E-017,3.96717934497292E-017,3.78662037142108E-017,3.58591433624018E-017,3.37274576126945E-017,3.15337366696244E-017,2.93279955802252E-017,2.71493726589678E-017,2.50277524383433E-017,2.29852599689043E-017,2.10376006407826E-017,1.91952375278118E-017,1.74644094507622E-017,1.58479995880242E-017,1.43462680059434E-017,1.29574629809508E-017,1.16783261732599E-017,1.05045060942576E-017,9.43089323309842E-018,8.45188890461512E-018
9.20188655083683E-019,2.08724039516208E-018,3.5443504707229E-018,5.33868578524299E-018,7.52045906297809E-018,1.01412573112377E-017,1.32512979605572E-017,1.68951649756001E-017,2.11054145141787E-017,2.5893221673138E-017,3.12349484277006E-017,3.70531242429535E-017,4.3189813705255E-017,4.32931345844263E-017,4.27195123815361E-017,4.16118192179282E-017,4.00969128693045E-017,3.82845888640256E-017,3.62678553823694E-017,3.41239931378623E-017,3.19160360183706E-017,2.96944312206974E-017,2.74987238946159E-017,2.53591711692364E-017,2.32982313629777E-017,2.13319016421957E-017,1.94708953588683E-017,1.77216616302936E-017,1.60872564828459E-017,1.45680785378115E-017,1.31624838124669E-017,1.18672944757494E-017,1.06782158435118E-017,9.59017487163387E-018,8.59759214039575E-018
9.35294930841143E-019,2.12022107867298E-018,3.59817442161078E-018,5.41648040697834E-018,7.62544959275244E-018,1.02766854391774E-017,1.34203190129071E-017,1.71007254935192E-017,2.13501165232484E-017,2.61791872051904E-017,3.1563709267119E-017,3.74255793295437E-017,4.3606322824428E-017,4.37177622749792E-017,4.31483220522387E-017,4.20409323054728E-017,4.05226686107937E-017,3.87036551713697E-017,3.66772978052605E-017,3.4521309756964E-017,3.22991659010888E-017,3.00617433049226E-017,2.78489921578357E-017,2.56915408816079E-017,2.3612180220664E-017,2.16271986857771E-017,1.97475598222453E-017,1.79799232398776E-017,1.63275182258021E-017,1.47908825271659E-017,1.33684805796495E-017,1.20572158014205E-017,1.0852851080372E-017,9.75035060522204E-018,8.7441549644554E-018
9.50514959517014E-019,2.15343085078612E-018,3.65234098962565E-018,5.49472545198709E-018,7.73098830783779E-018,1.04127449392978E-017,1.35900355954551E-017,1.73070226716062E-017,2.15955701973048E-017,2.64658915471231E-017,3.18931681789755E-017,3.77986655689749E-017,4.40233726879226E-017,4.41429344301888E-017,4.3577691086134E-017,4.2470631084792E-017,4.09490462915772E-017,3.91233870846492E-017,3.70874540095458E-017,3.49193899250454E-017,3.26831080302195E-017,3.04299130044641E-017,2.82001582896809E-017,2.60248422946093E-017,2.39270873378196E-017,2.19234728266217E-017,2.00252123946507E-017,1.82391763176873E-017,1.65687675329127E-017,1.50146634609453E-017,1.35754376111097E-017,1.22480753705629E-017,1.10283979480109E-017,9.91140751447338E-018,8.89156539497355E-018
9.65848460247002E-019,2.18686898815328E-018,3.70684885081924E-018,5.57341885086843E-018,7.83707227234602E-018,1.05494319222592E-017,1.3760442820872E-017,1.75140506268176E-017,2.1841768704777E-017,2.67533270007366E-017,3.22233166960776E-017,3.81723738140026E-017,4.44409535299555E-017,4.45686403093711E-017,4.40076076533382E-017,4.29009025576923E-017,4.13760317223524E-017,3.95437692623517E-017,3.74983075974184E-017,3.53182163306071E-017,3.30678443570787E-017,3.07989217308092E-017,2.85522033680176E-017,2.63590563573394E-017,2.4242933730166E-017,2.22207053269911E-017,2.03038347452631E-017,1.84994030782707E-017,1.68109872796292E-017,1.52394049682215E-017,1.37833393603581E-017,1.2439858511547E-017,1.1204842681556E-017,1.0073332756731E-017,9.03981151269638E-018
9.81295152968676E-019,2.22053477080153E-018,3.76169668919135E-018,5.65255854884196E-018,7.94369857371426E-018,1.06867425325252E-017,1.39315358474338E-017,1.77218035342522E-017,2.20887052848864E-017,2.70414859509072E-017,3.25541464461073E-017,3.85466950239903E-017,4.4859055703921E-017,4.49948693067545E-017,4.44380600767631E-017,4.33317338976756E-017,4.18036109039545E-017,3.99647865696664E-017,3.79098423913177E-017,3.57177718921437E-017,3.34533570685271E-017,3.11687511322719E-017,2.89051087047457E-017,2.66941642464539E-017,2.45597006313347E-017,2.25188776548196E-017,2.05834087347066E-017,1.87605859119868E-017,1.70541605007121E-017,1.54650908204865E-017,1.39921704064653E-017,1.26325506618138E-017,1.13821716093628E-017,1.02361135675818E-017,9.1888814626408E-018
9.96854758438575E-019,2.2544274821363E-018,3.81688319664077E-018,5.73214250560346E-018,8.05086432242147E-018,1.08246729478997E-017,1.41033098783482E-017,1.79302756262502E-017,2.2336373246517E-017,2.73303608642424E-017,3.2885649150078E-017,3.8921620263175E-017,4.52776696804414E-017,4.54216109492634E-017,4.48690368295908E-017,4.37631124471035E-017,4.2231770024247E-017,4.03864240751765E-017,3.83220424305206E-017,3.61180397547461E-017,3.38396285836919E-017,3.15393830909347E-017,2.92588558430476E-017,2.70301473637859E-017,2.48773694909049E-017,2.28179714821984E-017,2.08639164139899E-017,1.90227073843929E-017,1.72982703900475E-017,1.56917049318697E-017,1.42019154546416E-017,1.28261373687779E-017,1.15603711541976E-017,1.03997372622751E-017,9.33876345570447E-018
1.01252699824832E-018,2.28854640894321E-018,3.8724070729155E-018,5.81216869518183E-018,8.15856665170939E-018,1.09632193790725E-017,1.42757601610961E-017,1.81394611915123E-017,2.25847659671133E-017,2.76199442877682E-017,3.32178166208285E-017,3.92971406989723E-017,4.56967860454637E-017,4.58488548943527E-017,4.53005265328078E-017,4.41950257144251E-017,4.26604954550804E-017,4.08086670476199E-017,3.87348919678006E-017,3.65190032867643E-017,3.42266415507404E-017,3.19107997196308E-017,2.96134265546614E-017,2.73669873339765E-017,2.51959219724383E-017,2.31179686838393E-017,2.11453400234109E-017,1.92857502355849E-017,1.75433003004047E-017,1.59192313592859E-017,1.44125593367424E-017,1.30206042906495E-017,1.17394278343352E-017,1.05641912370518E-017,9.48944577018535E-018
1.02831159483971E-018,2.32289084138857E-018,3.92826702556239E-018,5.89263510579718E-018,8.2668027173075E-018,1.1102378069174E-017,1.44488819867851E-017,1.83493545742384E-017,2.28338768916014E-017,2.79102288476461E-017,3.35506407615512E-017,3.96732476003209E-017,4.61163954983981E-017,4.62765909278912E-017,4.57325179527934E-017,4.46274613714657E-017,4.30897737493163E-017,4.12315009527177E-017,3.91483754661513E-017,3.6920646076529E-017,3.46143788437036E-017,3.22829833589648E-017,2.9968802837181E-017,2.77046660021172E-017,2.55153399515097E-017,2.34188513355227E-017,2.14276619914301E-017,1.95496973794933E-017,1.77892337431394E-017,1.61476543025191E-017,1.46240870116994E-017,1.32159371971771E-017,1.19193282645716E-017,1.07294629703876E-017,9.64091675321391E-018
1.04420827151899E-018,2.35746007301871E-018,3.9844617698762E-018,5.97353973972002E-018,8.3755696971623E-018,1.12421452933373E-017,1.46226706895181E-017,1.8559950173285E-017,2.30836995313356E-017,2.82012072479196E-017,3.38841135643544E-017,4.00499323360646E-017,4.65364888502995E-017,4.67048089620922E-017,4.61649999989628E-017,4.50604072507766E-017,4.35195916379165E-017,4.16549114500673E-017,3.95624775955737E-017,3.73229519291329E-017,3.50028235593502E-017,3.26559165743732E-017,3.03249669113813E-017,2.80431654314049E-017,2.58356055137363E-017,2.37206017125276E-017,2.17108649335153E-017,1.98145319031379E-017,1.80360543878434E-017,1.63769581042447E-017,1.48364835658842E-017,1.34121219703152E-017,1.21000591571586E-017,1.0895540024154E-017,9.79316482210142E-018
1.06021675247008E-018,2.39225340075824E-018,4.04099002884823E-018,6.0548806131319E-018,8.48486479117049E-018,1.13825173582689E-017,1.47971216457728E-017,1.87712424413408E-017,2.33342274630685E-017,2.84928722692901E-017,3.42182271088569E-017,4.04271863733704E-017,4.69570570220893E-017,4.71334990334914E-017,4.6597961721462E-017,4.54938513430425E-017,4.39499360270931E-017,4.20788843901004E-017,3.99771832299256E-017,3.77259048632675E-017,3.53919590141097E-017,3.30295821532231E-017,3.06819012185717E-017,2.83824679008099E-017,2.61567009528058E-017,2.40232022880488E-017,2.19949316509581E-017,2.00802370658431E-017,1.8283746061946E-017,1.66071272499926E-017,1.50497342134038E-017,1.36091446048197E-017,1.22816073226612E-017,1.10624100446998E-017,9.94617846560729E-018
1.07633676276714E-018,2.42727012490718E-018,4.09785053311443E-018,6.136655755987E-018,8.59468522091634E-018,1.1523490601827E-017,1.49722302737954E-017,1.89832258841201E-017,2.35854543279435E-017,2.87852167679189E-017,3.4552973560815E-017,4.08050012761831E-017,4.73780910428172E-017,4.75626513009683E-017,4.70313923089144E-017,4.59277817945452E-017,4.4380793995521E-017,4.25034058111024E-017,4.03924774438315E-017,3.81294891081165E-017,3.57817687410438E-017,3.34039631019492E-017,3.10395884179744E-017,2.87225559027577E-017,2.64786087685058E-017,2.43266357316012E-017,2.22798451296663E-017,2.03467962984177E-017,1.85322927502675E-017,1.6838146368055E-017,1.52638242963348E-017,1.38069912087745E-017,1.24639596707419E-017,1.1230060763856E-017,1.00999462451284E-017
1.09256802838615E-018,2.46250954913711E-018,4.15504202090326E-018,6.21886321187519E-018,8.70502822941283E-018,1.16650613926076E-017,1.5147992033006E-017,1.91958950595731E-017,2.38373738305104E-017,2.90782336742575E-017,3.48883451707797E-017,4.11833687037134E-017,4.77995820479609E-017,4.79922560438123E-017,4.7465281086216E-017,4.63621869046831E-017,4.4812152791607E-017,4.29284619362921E-017,4.0808345509651E-017,3.85336891003042E-017,3.61722364868645E-017,3.37790426432291E-017,3.139801138413E-017,2.90634121408255E-017,2.68013116647545E-017,2.46308849074124E-017,2.25655885389324E-017,2.06141932022983E-017,1.87816785945287E-017,1.70700002293406E-017,1.54787392848957E-017,1.40056480040517E-017,1.26471032108741E-017,1.13984799998677E-017,1.02544567958134E-017
1.10891027621585E-018,2.49797098048639E-018,4.21256323798314E-018,6.30150103788633E-018,8.81589108084688E-018,1.18072261295382E-017,1.53244024234154E-017,1.94092445771137E-017,2.40899797377617E-017,2.93719159919031E-017,3.5224334272784E-017,4.15622804089594E-017,4.82215212777636E-017,4.84223036598303E-017,4.78996175123793E-017,4.67970551235427E-017,4.52439998308182E-017,4.33540391709605E-017,4.12247728945057E-017,3.89384894808961E-017,3.65633462089997E-017,3.41548042131955E-017,3.17571532043309E-017,2.9405019527453E-017,2.71247925476335E-017,2.49359328728067E-017,2.28521452301812E-017,2.08824115486624E-017,1.90318878928177E-017,1.73026737471781E-017,1.56944647775624E-017,1.42051013267086E-017,1.28310250529886E-017,1.15676556582553E-017,1.04096988276048E-017
1.12536323406791E-018,2.53365372935444E-018,4.27041293760965E-018,6.38456730447573E-018,8.92727106032826E-018,1.19499812414782E-017,1.55014569850542E-017,1.96232690968626E-017,2.43432658781902E-017,2.966625679648E-017,3.55609332830596E-017,4.19417282372616E-017,4.86439000756074E-017,4.88527846634957E-017,4.83343911784231E-017,4.72323750495235E-017,4.56763226930651E-017,4.3780124099667E-017,4.16417452573615E-017,3.93438750924533E-017,3.69550820727046E-017,3.45312314586862E-017,3.21169971760799E-017,2.97473611816697E-017,2.74490345234256E-017,2.52417628765802E-017,2.31394987356975E-017,2.11514352775101E-017,1.92829050990183E-017,1.75361519770727E-017,1.59109865011285E-017,1.44053376273246E-017,1.30157124080547E-017,1.1737575732608E-017,1.05656611262116E-017
1.14192663068633E-018,2.56955710949529E-018,4.32858988047256E-018,6.46806009533108E-018,9.03916547364244E-018,1.20933231868277E-017,1.56791512974129E-017,1.98379633289077E-017,2.4597226140868E-017,2.99612492345449E-017,3.58981346987811E-017,4.2321704124888E-017,4.90667098864222E-017,4.92836896841373E-017,4.87695918053079E-017,4.76681354270118E-017,4.61091091201389E-017,4.42067034834912E-017,4.20592484461662E-017,3.97498309761369E-017,3.73474284482175E-017,3.49083082345309E-017,3.24775268045767E-017,3.00904204268369E-017,2.77740208966554E-017,2.5548358357369E-017,2.34276327673358E-017,2.14212484967181E-017,1.95347148221993E-017,1.77704201164159E-017,1.61282903107133E-017,1.46063434712791E-017,1.32011525885996E-017,1.19082283053121E-017,1.07223325540146E-017
1.15860019575626E-018,2.6056804380102E-018,4.38709283464264E-018,6.55197750724056E-018,9.15157164700699E-018,1.22372484531424E-017,1.58574809788933E-017,2.00533220325784E-017,2.48518544745434E-017,3.02568865225164E-017,3.62359310968383E-017,4.27022000976507E-017,4.94899422551283E-017,4.9715009464167E-017,4.92052092419157E-017,4.81043251441049E-017,4.65423470132017E-017,4.46337642573391E-017,4.2477268495041E-017,4.01563423688637E-017,3.77403699079605E-017,3.52860186008738E-017,3.28387258002315E-017,3.04341807884071E-017,2.80997351681362E-017,2.58557029420118E-017,2.37165312152136E-017,2.16918354810666E-017,1.97873018259695E-017,1.80054635041523E-017,1.634636218972E-017,1.48081055389753E-017,1.33873330091682E-017,1.20796015482169E-017,1.08797020509079E-017
1.1753836599121E-018,2.64202303533961E-018,4.44592057551831E-018,6.63631764996235E-018,9.26448692683188E-018,1.23817535567553E-017,1.60364416862704E-017,2.02693400157358E-017,2.51071448867591E-017,3.0553161945628E-017,3.65743151326344E-017,4.30832082695519E-017,4.99135888251127E-017,5.01467348573444E-017,4.96412334630718E-017,4.85409332303815E-017,4.69760244303282E-017,4.50612935273029E-017,4.28957916215236E-017,4.056339470051E-017,3.81338912237837E-017,3.56643468205326E-017,3.32005780762045E-017,3.07786259916996E-017,2.84261610330234E-017,2.61637804439079E-017,2.40061781463899E-017,2.19631806712425E-017,2.00406510277985E-017,1.82412676204057E-017,1.65651882497453E-017,1.50106106260102E-017,1.35742411867254E-017,1.22516837232402E-017,1.10377586350777E-017
1.19227675474506E-018,2.67858422525437E-018,4.50507188577223E-018,6.72107864609543E-018,9.37790867948317E-018,1.25268350424062E-017,1.62160291141648E-017,2.04860121340776E-017,2.53630914429875E-017,3.08500688569032E-017,3.69132795389107E-017,4.3464720841459E-017,5.03376413367372E-017,5.05788568270794E-017,5.00776545676086E-017,4.89779488547199E-017,4.74101295840969E-017,4.54892785680716E-017,4.3314804223863E-017,4.09709735911644E-017,3.8527977364252E-017,3.60432773563934E-017,3.3563067745973E-017,3.11237399596934E-017,2.87532823788733E-017,2.64725748613716E-017,2.42965578035301E-017,2.2235268672819E-017,2.02947474983072E-017,1.84778180860659E-017,1.6784754730445E-017,1.52138456432943E-017,1.37618647410041E-017,1.24244631829166E-017,1.1196491403722E-017
1.20927921281008E-018,2.71536333484635E-018,4.56454555529783E-018,6.80625863095166E-018,9.49183429105042E-018,1.26724894828763E-017,1.63962389945256E-017,2.07033332904565E-017,2.56196882657855E-017,3.11476006761525E-017,3.72528171245956E-017,4.38467300998073E-017,5.07620916258785E-017,5.10113664447694E-017,5.05144627764698E-017,4.94153613231601E-017,4.78446508392306E-017,4.59177068203925E-017,4.37342928783642E-017,4.13790648484267E-017,3.89226134919743E-017,3.642279486884E-017,3.39261791209256E-017,3.14695068108377E-017,2.90810832837112E-017,2.6782070375984E-017,2.45876546035585E-017,2.25080842552143E-017,2.0549576460527E-017,1.87151006623381E-017,1.70050479993554E-017,1.54177976171224E-017,1.39501913948006E-017,1.25979283708902E-017,1.13558895337129E-017
1.22639076763218E-018,2.75235969451832E-018,4.62434038115577E-018,6.89185575242931E-018,9.60626116711753E-018,1.28187134786304E-017,1.6577067096123E-017,2.09212984342136E-017,2.5876929533966E-017,3.14457508889916E-017,3.75929207736788E-017,4.42292284153305E-017,5.11869316224983E-017,5.14442548881707E-017,5.09516484308538E-017,4.98531600768101E-017,4.82795767102832E-017,4.63465658885819E-017,4.41542443367809E-017,4.17876544647544E-017,3.93177849609736E-017,3.68028842132186E-017,3.4289896707982E-017,3.18159108568794E-017,2.94095480141059E-017,2.70922513509439E-017,2.48794531363002E-017,2.27816123506297E-017,2.08051232891328E-017,1.89531012502585E-017,1.7226054551674E-017,1.56224536891993E-017,1.41392089742199E-017,1.27720678223537E-017,1.15159422822034E-017
1.24361115371232E-018,2.78957263797337E-018,4.68445516752045E-018,6.97786817088778E-018,9.72118673253706E-018,1.29655036574653E-017,1.67585092240511E-017,2.11399025605241E-017,2.61348094817874E-017,3.17445130458808E-017,3.79335834441086E-017,4.46122082418173E-017,5.16121533492428E-017,5.18775134398049E-017,5.13892019903958E-017,5.02913346897957E-017,4.8714895859374E-017,4.67758435380837E-017,4.45746455237573E-017,4.21967286148527E-017,3.97134773140985E-017,3.71835304373368E-017,3.46542052072404E-017,3.21629366007095E-017,2.97386610232544E-017,2.74031023294173E-017,2.5171938163113E-017,2.3055838052971E-017,2.10613735096484E-017,1.9191805890175E-017,1.74477610100004E-017,1.582780111662E-017,1.4328905408873E-017,1.29468701644371E-017,1.16766389871815E-017
1.26094010653272E-018,2.82700150220372E-018,4.74488872562648E-018,7.06429405902373E-018,9.83660843120792E-018,1.31128566741633E-017,1.69405612192394E-017,2.13591407097568E-017,2.63933223981592E-017,3.20438807611841E-017,3.82747981667127E-017,4.49956621148943E-017,5.20377489200722E-017,5.23111334853971E-017,5.18271140313859E-017,5.07298748672501E-017,4.91505970939657E-017,4.72055276930744E-017,4.49954835343149E-017,4.26062736531101E-017,4.01096762804739E-017,3.75647187789961E-017,3.50190895096512E-017,3.2510568734227E-017,3.00684069490751E-017,2.77146080328876E-017,2.54650946155113E-017,2.33307466167512E-017,2.13183127976288E-017,1.94312007611985E-017,1.76701541240412E-017,1.60338272718088E-017,1.45192687320275E-017,1.31223241165473E-017,1.18379690679732E-017
1.2783773625617E-018,2.86464562747898E-018,4.80563987371529E-018,7.15113160174858E-018,9.95252372585642E-018,1.32607692101534E-017,1.71232189579744E-017,2.15790079668465E-017,2.66524626258647E-017,3.23438477122477E-017,3.86165580441409E-017,4.53795826508331E-017,5.24637105389169E-017,5.27451065123457E-017,5.22653752450251E-017,5.1168770443346E-017,4.9586669364687E-017,4.76356064341137E-017,4.54167456313858E-017,4.30162761110766E-017,4.05063677729914E-017,3.79464346635585E-017,3.53845346947171E-017,3.28587921362218E-017,3.03987706123111E-017,2.80267533595071E-017,2.57589075937816E-017,2.36063234559788E-017,2.15759269778179E-017,1.96712721806228E-017,1.7893220770278E-017,1.62405196424178E-017,1.47102870807152E-017,1.32984184906603E-017,1.19999220256965E-017
1.29592265925806E-018,2.902504357334E-018,4.86670743698178E-018,7.23837899606721E-018,1.00689300978206E-017,1.34092379731769E-017,1.73064783514296E-017,2.17994994606783E-017,2.69122245607989E-017,3.26444076384977E-017,3.89588562498301E-017,4.57639625453831E-017,5.28900304983619E-017,5.31794241082242E-017,5.2703976435715E-017,5.1608011379365E-017,5.00231017631973E-017,4.80660679958404E-017,4.58384192433899E-017,4.34267226949847E-017,4.09035378858383E-017,3.83286637015455E-017,3.57505260282193E-017,3.32075918702752E-017,3.07297370146438E-017,2.83395233824499E-017,2.60533623655926E-017,2.38825541430313E-017,2.18342020232859E-017,1.99120066033173E-017,1.81169479516027E-017,1.64478658311868E-017,1.49019486957967E-017,1.34751421915689E-017,1.21624874436685E-017
1.31357573507496E-018,2.94057703855624E-018,4.92809024752106E-018,7.32603445095812E-018,1.01858250468378E-017,1.35582596969597E-017,1.74903353452052E-017,2.20206103634849E-017,2.71726026512222E-017,3.29455543405566E-017,3.93016860269904E-017,4.61487945726266E-017,5.33167011783576E-017,5.36140779593124E-017,5.3142908519383E-017,5.20475877618074E-017,5.04598835200933E-017,4.84969007647104E-017,4.62604919618563E-017,4.3837600283312E-017,4.13011728920646E-017,3.8711391686271E-017,3.611704895997E-017,3.35569531826803E-017,3.10612913368168E-017,2.86529033482679E-017,2.63484443645993E-017,2.4159424407516E-017,2.20931240545462E-017,2.01533906210935E-017,1.83413227969209E-017,1.66558535557672E-017,1.5094241921986E-017,1.3652484217087E-017,1.23256549877667E-017
1.33133632946346E-018,2.97886302117268E-018,4.98978714427537E-018,7.41409618725481E-018,1.03032060908353E-017,1.37078311408899E-017,1.7674785918875E-017,2.22423358902545E-017,2.74335913970287E-017,3.32472816793774E-017,3.96450406876113E-017,4.65340715838581E-017,5.3743715044956E-017,5.40490598491568E-017,5.35821625218398E-017,5.24874898005375E-017,5.0897004002856E-017,4.89280932767781E-017,4.66829515390859E-017,4.42488959243843E-017,4.16992592411867E-017,3.90946045915049E-017,3.64840891215915E-017,3.39068615003805E-017,3.13934189367721E-017,2.89668786752494E-017,2.66441391890426E-017,2.44369201351188E-017,2.2352679338653E-017,2.03954109620457E-017,1.85663325607242E-017,1.68644706485102E-017,1.52871552078367E-017,1.38304336582122E-017,1.24894144067478E-017
1.34920418287563E-018,3.01736165843639E-018,5.05179697298111E-018,7.50256243752854E-018,1.04210707657245E-017,1.38579490897012E-017,1.78598260855435E-017,2.24646712981516E-017,2.769518534903E-017,3.35495835753953E-017,3.99889136114887E-017,4.69197865064854E-017,5.41710646490728E-017,5.44843616571604E-017,5.40217295771702E-017,5.29277078269666E-017,5.13344527138373E-017,4.93596342155185E-017,4.71057858858568E-017,4.4660596834019E-017,4.20977835568288E-017,3.94782885691696E-017,3.68516323243196E-017,3.4257302428927E-017,3.17261053477963E-017,2.92814349517825E-017,2.69404326003455E-017,2.47150273664415E-017,2.26128542882825E-017,2.06380544898692E-017,1.87919646226344E-017,1.70737050562227E-017,1.54806771056909E-017,1.40089796992493E-017,1.26537555325236E-017
1.36717903676716E-018,3.0560723068127E-018,5.11411858611602E-018,7.59143144597238E-018,1.05394166251975E-017,1.40086103531612E-017,1.80454518914095E-017,2.26876118859484E-017,2.79573791082526E-017,3.38524540076964E-017,4.03332982452712E-017,4.73059323429535E-017,5.45987426252737E-017,5.49199753571997E-017,5.44616009261556E-017,5.33682322922708E-017,5.17722192882851E-017,4.97915124096901E-017,4.75289830691697E-017,4.50726903932075E-017,4.24967326343996E-017,3.9862429947068E-017,3.72196645568348E-017,3.46082617504557E-017,3.20593362766804E-017,2.95965579347225E-017,2.72373105217066E-017,2.49937322958306E-017,2.28736354607965E-017,2.08813082031554E-017,1.90182064869202E-017,1.72835448398912E-017,1.56747962715935E-017,1.41881116178954E-017,1.28186682803981E-017
1.38526063359982E-018,3.09499432596504E-018,5.17675084284666E-018,7.68070146828655E-018,1.06582412405271E-017,1.41598117657656E-017,1.82316594153389E-017,2.29111529934667E-017,2.82201673252491E-017,3.41558870132035E-017,4.06781881015253E-017,4.76925021696882E-017,5.50267416905843E-017,5.53558930162691E-017,5.49017679147267E-017,5.38090537656434E-017,5.22102934924056E-017,5.02237168312367E-017,4.79525313100329E-017,4.54851641458356E-017,4.28960934388041E-017,4.02470152266419E-017,3.75881719831169E-017,3.49597254216831E-017,3.23930976018899E-017,2.99122335477639E-017,2.75347590366911E-017,2.52730212701961E-017,2.31350095572921E-017,2.11251592346668E-017,1.92450457819883E-017,1.74939781743751E-017,1.58695014651721E-017,1.43678187852886E-017,1.29841426492652E-017
1.4034487168433E-018,3.13412707874041E-018,5.23969260897591E-018,7.77037077156506E-018,1.07775422003702E-017,1.43115501864373E-017,1.84184447684451E-017,2.31352900010314E-017,2.84835446994236E-017,3.44598766858773E-017,4.1023576757819E-017,4.80794891360624E-017,5.54550546433239E-017,5.57921067931513E-017,5.53422219924469E-017,5.42501629325813E-017,5.26486652214631E-017,5.06562365932284E-017,4.83764189812863E-017,4.58980057964421E-017,4.32958531021914E-017,4.06320310807615E-017,3.79571409403267E-017,3.53116795719211E-017,3.27273753717494E-017,3.02284478798196E-017,2.78327643878215E-017,2.55528807878233E-017,2.3396963421637E-017,2.13695948505922E-017,1.94724702598494E-017,1.77049933480718E-017,1.60647815494855E-017,1.4548090666022E-017,1.31501687217696E-017
1.42174303097698E-018,3.17346993115465E-018,5.30294275689092E-018,7.86043763418366E-018,1.0897317110573E-017,1.44638224982306E-017,1.86058040936763E-017,2.33600183289336E-017,2.87475059783694E-017,3.47644171759341E-017,4.13694578558239E-017,4.8466886463381E-017,5.58836743619612E-017,5.62286089371142E-017,5.57829547110247E-017,5.46915505932038E-017,5.30873244979143E-017,5.10890609478391E-017,4.88006346054634E-017,4.6311203208014E-017,4.36959989217354E-017,4.1017464351545E-017,3.83265579367113E-017,3.56641105011112E-017,3.30621558026383E-017,3.05451871834044E-017,2.81313129751668E-017,2.58332974971778E-017,2.36594840394913E-017,2.16146024497833E-017,1.9700467795562E-017,1.79165787625549E-017,1.62606254908412E-017,1.47289168181243E-017,1.33167366644331E-017
1.44014332149113E-018,3.21302225237735E-018,5.36650016551105E-018,7.95090034568906E-018,1.10175635939803E-017,1.46166256080403E-017,1.87937335654114E-017,2.35853334369049E-017,2.90120459572204E-017,3.50695026890779E-017,4.17158251004344E-017,4.88546874438866E-017,5.63125938039928E-017,5.66653917866321E-017,5.62239577228548E-017,5.51332076606039E-017,5.35262614695788E-017,5.15221792843617E-017,4.92251668526904E-017,4.67247443998174E-017,4.40965183574498E-017,4.14033020482077E-017,3.86964096495358E-017,3.60170046778784E-017,3.33974252772011E-017,3.08624378730263E-017,2.84303913549325E-017,2.61142581957032E-017,2.39225585373189E-017,2.18601695629752E-017,1.99290263866536E-017,1.81287229321859E-017,1.64570223585834E-017,1.49102868930083E-017,1.34838367277461E-017
1.45864933488801E-018,3.25278341471651E-018,5.43036372023628E-018,8.04175720668941E-018,1.11382792902468E-017,1.47699564463161E-017,1.89822293890623E-017,2.38112308236003E-017,2.92771594780146E-017,3.53751274857488E-017,4.20626722589044E-017,4.92428854397838E-017,5.67418060048426E-017,5.71024477681322E-017,5.66652227795869E-017,5.55751251592303E-017,5.39654664078426E-017,5.19555811272585E-017,4.96500045386217E-017,4.71386175452645E-017,4.44973990300363E-017,4.17895313449412E-017,3.90666829230383E-017,3.63703487376034E-017,3.37331703425694E-017,3.11801865235848E-017,2.87299862380515E-017,2.63957498286158E-017,2.41861741813862E-017,2.2106283851989E-017,2.01581341525215E-017,1.83414144837014E-017,1.66539613248539E-017,1.5092190635389E-017,1.36514592462266E-017
1.47726081868252E-018,3.29275279360304E-018,5.49453231289573E-018,8.13300652874608E-018,1.12594618556517E-017,1.4923811966781E-017,1.91712878006841E-017,2.40377060260918E-017,2.95428414290697E-017,3.56812858803845E-017,4.24099931600004E-017,4.96314738822822E-017,5.7171304076783E-017,5.75397693947636E-017,5.71067417307215E-017,5.60172942232998E-017,5.44049297058956E-017,5.23892561342471E-017,5.00751366224108E-017,4.75528109698146E-017,4.48986287187645E-017,4.2176139578821E-017,3.94373647664106E-017,3.6724129480515E-017,3.40693777085985E-017,3.14984198687757E-017,2.90300844887759E-017,2.66777594876923E-017,2.44503183767529E-017,2.23529331089216E-017,2.03877793338144E-017,1.85546421557773E-017,1.68514316643256E-017,1.52746178831729E-017,1.38195946384488E-017
1.49597752140265E-018,3.3329297675749E-018,5.55900484169652E-018,8.2246466342666E-018,1.13811089629153E-017,1.50781891461552E-017,1.93609050665911E-017,2.42647546193708E-017,2.98090867443708E-017,3.59879722406971E-017,4.27577816931709E-017,5.00204462706579E-017,5.76010812078752E-017,5.79773492651912E-017,5.75485065222328E-017,5.64597060952403E-017,5.48446418770006E-017,5.28231940944198E-017,5.05005522047159E-017,4.79673131489097E-017,4.53001953593843E-017,4.25631142477429E-017,3.98084423518025E-017,3.70783338698013E-017,3.44060342461177E-017,3.18171247995051E-017,2.93306731232714E-017,2.69602744100561E-017,2.47149786662517E-017,2.260010525532E-017,2.06179502917952E-017,1.87683947985705E-017,1.70494227539109E-017,1.54575585673183E-017,1.39882334070407E-017
1.51479919258968E-018,3.37331371826123E-018,5.62378021117294E-018,8.31667585639896E-018,1.15032183010194E-017,1.52330849838842E-017,1.95510774829813E-017,2.44923722158606E-017,3.00758904029698E-017,3.62951809869628E-017,4.31060318077318E-017,5.04097961713329E-017,5.80311306609314E-017,5.84151800624109E-017,5.79905091952167E-017,5.69023521241618E-017,5.52845935527948E-017,5.32573849263975E-017,5.09262405257398E-017,4.83821127059432E-017,4.57020870420699E-017,4.29504430083874E-017,4.01799030123501E-017,3.74329490297399E-017,3.47431269851934E-017,3.21362883623108E-017,2.96317393082135E-017,2.72432819769593E-017,2.49801427294616E-017,2.28477883413429E-017,2.0848635507687E-017,1.898266137324E-017,1.72479240724464E-017,1.56410027116704E-017,1.41573661386541E-017
1.53372558279803E-018,3.41390403036611E-018,5.68885733213582E-018,8.40909253892712E-018,1.16257875750293E-017,1.5388496501871E-017,1.97418013755658E-017,2.47205544649364E-017,3.03432474283957E-017,3.66029065913264E-017,4.3454737512067E-017,5.07995172169712E-017,5.8461445772494E-017,5.8853254552588E-017,5.84327418845643E-017,5.73452237643559E-017,5.57247754816221E-017,5.3691818676515E-017,5.13521909633032E-017,4.8797198410261E-017,4.61042920093939E-017,4.33381136742127E-017,4.05517342402291E-017,3.77879622438478E-017,3.50806431134073E-017,3.24558977577919E-017,2.99332703593878E-017,2.75267697125627E-017,2.52457983816724E-017,2.30959705449109E-017,2.10798235820027E-017,1.91974309514477E-017,1.7446925200354E-017,1.58249404327697E-017,1.43269835039064E-017
1.55275644359498E-018,3.45470009165226E-018,5.75423512162227E-018,8.50189503616763E-018,1.17488145059191E-017,1.55444207442137E-017,1.99330730992059E-017,2.49492970524558E-017,3.06111528880766E-017,3.69111435771172E-017,4.38038928728442E-017,5.11896031055923E-017,5.88920199518362E-017,5.92915655839158E-017,5.88751968176599E-017,5.77883125738231E-017,5.61651785268949E-017,5.41264855170393E-017,5.17783930309501E-017,4.92125591751951E-017,4.65067986543322E-017,4.37261142134741E-017,4.092392368473E-017,3.81433609530501E-017,3.54185699741486E-017,3.27759403390487E-017,3.02352537402931E-017,2.78107252827143E-017,2.5511933572844E-017,2.33446401708452E-017,2.1311503233859E-017,1.94126927148408E-017,1.76464158192809E-017,1.60093619396365E-017,1.44970762572967E-017
1.57189152756007E-018,3.49570129292457E-018,5.81991250284579E-018,8.59508171286761E-018,1.1872296830399E-017,1.57008547769463E-017,2.0124889037556E-017,2.51785957002963E-017,3.08796018927718E-017,3.72198865181793E-017,4.41534920142456E-017,5.15800475997012E-017,5.93228466799794E-017,5.97301060854967E-017,5.9317866313103E-017,5.82316102128269E-017,5.66057936654861E-017,5.45613757444185E-017,5.22048363760855E-017,4.96281840561285E-017,4.69095955182983E-017,4.41144327472708E-017,4.1296459150358E-017,3.84991327538678E-017,3.57568950649194E-017,3.30964036101301E-017,3.05376770607484E-017,2.80951364937267E-017,2.57785363865585E-017,2.35937856499955E-017,2.15436633002772E-017,1.96284359545163E-017,1.78463857117182E-017,1.61942575335329E-017,1.46676352370961E-017
1.59113058828432E-018,3.53690702801348E-018,5.88588840514654E-018,8.68865094410386E-018,1.19962323007457E-017,1.58577956877841E-017,2.03172456027129E-017,2.54084461659026E-017,3.11485895960147E-017,3.75291300382135E-017,4.45035291172122E-017,5.19708445254341E-017,5.97539195087294E-017,6.01688690662429E-017,5.97607427794538E-017,5.86751084424744E-017,5.70466119861496E-017,5.49964797775615E-017,5.26315107781445E-017,5.00440622485909E-017,4.73126712892077E-017,4.45030575476202E-017,4.16693285949558E-017,3.88552653966246E-017,3.60956060356559E-017,3.34172752244915E-017,3.08405280755051E-017,2.83799912911543E-017,2.60455950389682E-017,2.38433955383595E-017,2.17762927354692E-017,1.98446500704685E-017,1.80468247606E-017,1.63796176077011E-017,1.4838651365215E-017
1.61047338036926E-018,3.57831669375823E-018,5.9521617639421E-018,8.78260111518311E-018,1.21206186846348E-017,1.60152405858741E-017,2.05101392348713E-017,2.56388442418406E-017,3.14181111935658E-017,3.78388688101316E-017,4.48539984187032E-017,5.23619877717204E-017,6.01852320597301E-017,6.06078476137974E-017,6.02038187140012E-017,5.91187991233221E-017,5.74876246879689E-017,5.54317881561475E-017,5.30584061467914E-017,5.04601830863847E-017,4.771601479957E-017,4.48919770355572E-017,4.20425201278492E-017,3.92117467836729E-017,3.64346906870632E-017,3.3738542983462E-017,3.11437946828631E-017,2.86652777585697E-017,2.63130978777387E-017,2.40934585161926E-017,2.20093806101122E-017,2.0061324571021E-017,1.82477229488842E-017,1.65654326470828E-017,1.50101156470466E-017
1.62991965942567E-018,3.61992968999001E-018,6.01873152067844E-018,8.87693062154358E-018,1.22454537649756E-017,1.61731866015477E-017,2.07035664019847E-017,2.58697857553606E-017,3.16881619228764E-017,3.81490975554225E-017,4.52048942109677E-017,5.27534712894589E-017,6.06167780235342E-017,6.10470348934747E-017,6.06470867015536E-017,5.95626742140071E-017,5.79288230788333E-017,5.58672915389647E-017,5.34855125201494E-017,5.08765360397403E-017,4.81196150246099E-017,4.528117977926E-017,4.24160220080152E-017,3.95685649676382E-017,3.67741369689646E-017,3.40601948347216E-017,3.1447464923293E-017,2.89509841163418E-017,2.65810333809883E-017,2.4343963387111E-017,2.22429161106112E-017,2.02784490722438E-017,1.84490703591149E-017,1.67516932280161E-017,1.51820191712885E-017
1.64946918207226E-018,3.661745419515E-018,6.08559662278133E-018,8.97163786865759E-018,1.2370735339749E-017,1.63316308860791E-017,2.08975235994329E-017,2.61012665679678E-017,3.19587370625608E-017,3.84598110435307E-017,4.55562108408308E-017,5.31452890907104E-017,6.10485511586907E-017,6.14864241472202E-017,6.10905394132509E-017,6.00067257699029E-017,5.83701985739407E-017,5.63029807022774E-017,5.39128200630593E-017,5.12931107135012E-017,4.8523461080416E-017,4.5670654492202E-017,4.27898226422735E-017,3.99257081496827E-017,3.71139329786659E-017,3.43822188707888E-017,3.17515269780635E-017,2.92370987204145E-017,2.6849390156224E-017,2.45948990771863E-017,2.2476888538351E-017,2.04960132973559E-017,1.86508571729687E-017,1.69383900179156E-017,1.53543531097438E-017
1.66912170593406E-018,3.70376328809732E-018,6.15275602360801E-018,9.06672127193532E-018,1.24964612218466E-017,1.64905706114462E-017,2.10920073496945E-017,2.63332825750002E-017,3.22298319318791E-017,3.87710040912444E-017,4.59079427089919E-017,5.35374352479037E-017,6.14805452908495E-017,6.19260086925885E-017,6.1534169605398E-017,6.04509459417987E-017,5.88117426943272E-017,5.67388465382214E-017,5.43403190653669E-017,5.17098968453369E-017,4.89275422221169E-017,4.6060390031328E-017,4.31639105834988E-017,4.02831646777873E-017,3.74540669593342E-017,3.47046033275177E-017,3.20559691678743E-017,2.95236100610869E-017,2.71181569392751E-017,2.48462546340341E-017,2.27112873089378E-017,2.07140070761151E-017,1.88530736707843E-017,1.71255137749324E-017,1.5527108717102E-017
1.68887698964067E-018,3.74598270444196E-018,6.22020868239926E-018,9.16217925662983E-018,1.26226292389133E-017,1.66500029700966E-017,2.12870142020251E-017,2.65658297052142E-017,3.25014418902287E-017,3.90826715620968E-017,4.62600842693366E-017,5.39299038930563E-017,6.19127543118806E-017,6.23657819217399E-017,6.19779701183193E-017,6.08953269746024E-017,5.92534470654215E-017,5.71748800532259E-017,5.47679999402386E-017,5.21268843039842E-017,4.93318478420839E-017,4.64503753952557E-017,4.35382745288567E-017,4.06409230450522E-017,3.7794527298391E-017,3.50273365826066E-017,3.23607799514962E-017,2.98105067617956E-017,2.73873225932252E-017,2.50980192258973E-017,2.29461019514315E-017,2.09324203441956E-017,1.90557102310777E-017,1.7313055347598E-017,1.57002773307003E-017
1.70873479282437E-018,3.78840308017753E-018,6.28795356423182E-018,9.25801025774306E-018,1.27492372331911E-017,1.68099251747159E-017,2.14825407321413E-017,2.67989039203774E-017,3.27735623366456E-017,3.93948083657763E-017,4.66126300282595E-017,5.43226892170091E-017,6.23451721790104E-017,6.2805737300455E-017,6.24219338752332E-017,6.13398612060663E-017,5.96953034156252E-017,5.76110723664635E-017,5.51958532225048E-017,5.25440630875161E-017,4.97363674681603E-017,4.68405997225014E-017,4.39129033180601E-017,4.09989718880164E-017,3.81353025259205E-017,3.53504071541169E-017,3.26659479244171E-017,3.00977775778998E-017,2.76568761073416E-017,2.53501821407237E-017,2.31813221075702E-017,2.11512431425533E-017,1.9258757330043E-017,1.75010056744514E-017,1.58738503702675E-017
1.72869487611804E-018,3.83102382983904E-018,6.35598963997111E-018,9.35421271993309E-018,1.2876283061366E-017,1.6970334458001E-017,2.16785835419098E-017,2.70325012148687E-017,3.30461887093133E-017,3.97074094575486E-017,4.69655745440006E-017,5.47157854686742E-017,6.27777929139719E-017,6.32458683671654E-017,6.28660538811459E-017,6.17845410655351E-017,6.01373035749173E-017,5.8047414708325E-017,5.56238695670296E-017,5.29614233216372E-017,5.0141090761917E-017,4.72310522897306E-017,4.42877859316481E-017,4.13572999849944E-017,3.84763813130928E-017,3.56738036990027E-017,3.29714618174947E-017,3.03854113954684E-017,2.7926806596005E-017,2.56027327852385E-017,2.34169375309852E-017,2.13704656167811E-017,1.94622055410397E-017,1.76893557836505E-017,1.60478193376498E-017
1.74875700115294E-018,3.87384437085064E-018,6.42431588622441E-018,9.45078509742236E-018,1.30037645944165E-017,1.71312280724361E-017,2.18751392590413E-017,2.7266617615285E-017,3.33193164850819E-017,4.0020469837688E-017,4.73189124259924E-017,5.51091869542966E-017,6.32106106021712E-017,6.36861687320033E-017,6.33103232217661E-017,6.22293590727158E-017,6.05794394734824E-017,5.84838984189203E-017,5.60520397471084E-017,5.33789552580056E-017,5.0546007516933E-017,4.76217225100313E-017,4.46629114892854E-017,4.17158962544329E-017,3.88177524706008E-017,3.59975150116515E-017,3.32773104956171E-017,3.06733972300715E-017,2.81971032976374E-017,2.58556606840138E-017,2.36529380864107E-017,2.1590078016453E-017,1.96660455340669E-017,1.78780967925689E-017,1.62221758165205E-017
1.76892093055637E-018,3.91686412350827E-018,6.49293128529429E-018,9.54772585390712E-018,1.31316797174646E-017,1.72926032900726E-017,2.20722045367902E-017,2.75012491800545E-017,3.35929411789944E-017,4.033398455092E-017,4.76726383342193E-017,5.5502888036728E-017,6.36436193918671E-017,6.41266320758657E-017,6.37547350624365E-017,6.26743078364687E-017,6.10217031403626E-017,5.89205149466051E-017,5.64803546528893E-017,5.37966492725813E-017,5.09511076571016E-017,4.80125999312115E-017,4.50382692480834E-017,4.20747497532839E-017,3.91594049471132E-017,3.63215300224361E-017,3.35834829563696E-017,3.09617242255744E-017,2.84677555736309E-017,2.6108955478534E-017,2.38893137488852E-017,2.18100706944602E-017,1.98702680752267E-017,1.80672199073781E-017,1.6396911472074E-017
1.78918642794917E-018,3.96008251096228E-018,6.56183482513254E-018,9.64503346246786E-018,1.32600263296286E-017,1.74544574023122E-017,2.22697760536586E-017,2.77363919990576E-017,3.38670583438219E-017,4.06479486858721E-017,4.80267469785874E-017,5.58968831347142E-017,6.40768134933663E-017,6.45672521494964E-017,6.41992826470858E-017,6.31193800536191E-017,6.1464086702133E-017,5.93572558465305E-017,5.6908805289822E-017,5.42144958639998E-017,5.13563812349607E-017,4.84036742341195E-017,4.54138486009415E-017,4.24338496753971E-017,3.95013278277412E-017,3.66458377962775E-017,3.38899683287104E-017,3.12503816529361E-017,2.87387529072766E-017,2.63626069262581E-017,2.41260546029477E-017,2.20304341063365E-017,2.00748640261751E-017,1.82567164226178E-017,1.65720180507039E-017
1.80955325794307E-018,4.00349895920009E-018,6.63102549929433E-018,9.74270640548085E-018,1.33888023438785E-017,1.76167877196937E-017,2.24678505131058E-017,2.79720421932529E-017,3.41416635696069E-017,4.09623573745359E-017,4.8381233118306E-017,5.62911667221943E-017,6.45101871782312E-017,6.50080227725826E-017,6.46439592971971E-017,6.35645685077903E-017,6.19065823815977E-017,5.97941127792183E-017,5.73373827771302E-017,5.463248565197E-017,5.17618184300479E-017,4.8794935230987E-017,4.57896390749101E-017,4.27931853499291E-017,3.98435103325206E-017,3.69704275312193E-017,3.41967558716527E-017,3.15393589090121E-017,2.90100849026945E-017,2.66166048996801E-017,2.43631508418283E-017,2.22511588095775E-017,2.02798243435634E-017,1.84465777207515E-017,1.67474873796683E-017
1.83002118613799E-018,4.04711289702881E-018,6.70050230689278E-018,9.84074317453078E-018,1.35180056868927E-017,1.77795915716827E-017,2.26664246432621E-017,2.8208195914311E-017,3.44167524832142E-017,4.12772057917372E-017,4.87360915612794E-017,5.66857333276116E-017,6.49437347785026E-017,6.54489378328681E-017,6.5088758410795E-017,6.40098660682549E-017,6.23491824965105E-017,6.02310775091588E-017,5.77660783463092E-017,5.50506093756975E-017,5.21674095472793E-017,4.91863728637949E-017,4.61656303295725E-017,4.31527462397711E-017,4.01859418149081E-017,3.72952885570137E-017,3.45038349729559E-017,3.18286455153615E-017,2.92817412837638E-017,2.68709393853872E-017,2.4600592766634E-017,2.24722354629508E-017,2.04851400784689E-017,1.86367952717126E-017,1.69233113667403E-017
1.85058997911916E-018,4.09092375605778E-018,6.77026425255402E-018,9.93914227032429E-018,1.36476342989173E-017,1.7942866306465E-017,2.28654951966475E-017,2.8444849344253E-017,3.46923207478897E-017,4.15924891546162E-017,4.90913171635094E-017,5.70805775332375E-017,6.53774506859342E-017,6.58899912852804E-017,6.55336734614497E-017,6.44552656888074E-017,6.27918794583144E-017,6.06681419034316E-017,5.81948833396466E-017,5.54688578923319E-017,5.25731450153515E-017,4.95779772026607E-017,4.65418121554481E-017,4.3512521939994E-017,4.05286117602927E-017,3.76204103337183E-017,3.48111951478243E-017,3.21182311170586E-017,2.95537118930558E-017,2.71256004831161E-017,2.48383707855297E-017,2.26936548258001E-017,2.06908023758167E-017,1.8827360632437E-017,1.70994819998461E-017
1.87125940445416E-018,4.13493097068124E-018,6.84031034637242E-018,1.00379022026048E-017,1.37776861336275E-017,1.81066092907427E-017,2.30650589498945E-017,2.86819986950963E-017,3.49683640628266E-017,4.19082027221157E-017,4.94469048285081E-017,5.74756939745052E-017,6.58113293512417E-017,6.63311771510734E-017,6.59786979972979E-017,6.49007604066541E-017,6.3234665770904E-017,6.11052979303496E-017,5.86237892087677E-017,5.58872221754372E-017,5.29790153851669E-017,4.99697384442482E-017,4.69181744724147E-017,4.38725021763112E-017,4.08715097845216E-017,3.79457824503054E-017,3.51188260376149E-017,3.24081054815109E-017,2.98259866907682E-017,2.73805784048088E-017,2.5076475412916E-017,2.29154077573419E-017,2.08968024737932E-017,1.90182654463869E-017,1.72759913466913E-017
1.89202923068985E-018,4.1791339780609E-018,6.91063960386636E-018,1.01370214900679E-017,1.39081591579901E-017,1.82708179095338E-017,2.32651127034767E-017,2.89196402085057E-017,3.52448781627392E-017,4.22243417944789E-017,4.98028495067201E-017,5.78710773393565E-017,6.62453652833632E-017,6.67724895169847E-017,6.64238256400799E-017,6.53463433413229E-017,6.36775340294073E-017,6.15425376581247E-017,5.90527875132024E-017,5.63056933134859E-017,5.33850113282819E-017,5.03616469101986E-017,4.72947073281514E-017,4.42326768035576E-017,4.12146256324403E-017,3.82713946232823E-017,3.54267174085523E-017,3.26982584972807E-017,3.00985557536616E-017,2.76358634736672E-017,2.53148972686028E-017,2.3137485215958E-017,2.11031317032508E-017,1.92095014430637E-017,1.74528315543747E-017
1.9128992273492E-018,4.22353221810857E-018,6.9812510459343E-018,1.02364986602786E-017,1.4039051352129E-017,1.84354895659747E-017,2.34656532814398E-017,2.91577701554504E-017,3.55218588174437E-017,4.25409017127557E-017,5.01591461949555E-017,5.82667223675981E-017,6.66795530487328E-017,6.72139225344063E-017,6.68690500841937E-017,6.57920076935909E-017,6.41204769189886E-017,6.19798532535548E-017,5.94818699189758E-017,5.67242625083757E-017,5.3791123635377E-017,5.07536930455822E-017,4.76714008965995E-017,4.45930358041875E-017,4.15579491764483E-017,3.85972366953232E-017,3.57348591504541E-017,3.29886801729137E-017,3.03714092739993E-017,2.78914461232082E-017,2.55536270769808E-017,2.33598782584805E-017,2.13097814871055E-017,1.94010604375114E-017,1.76299948489917E-017
1.93386916492803E-018,4.26812513346883E-018,7.0521436988112E-018,1.03363322495884E-017,1.41703607091914E-017,1.86006216811254E-017,2.36666775311386E-017,2.93963848358666E-017,3.57993018314463E-017,4.28578778583163E-017,5.05157899358316E-017,5.86626238502698E-017,6.71138872705662E-017,6.76554704185695E-017,6.73143650957638E-017,6.62377467444296E-017,6.45634872136703E-017,6.24172369807326E-017,5.99110281972203E-017,5.71429210739683E-017,5.41973432147488E-017,5.11458674173718E-017,4.80482454764443E-017,4.49535692867882E-017,4.19014704150678E-017,3.89232986339135E-017,3.60432412754635E-017,3.32793606357728E-017,3.06445375584888E-017,2.81473168963179E-017,2.57926556661897E-017,2.3582578039474E-017,2.15167433397278E-017,1.95929343298121E-017,1.78074735352278E-017
1.95493881489165E-018,4.31291216950165E-018,7.12331659402541E-018,1.04365208030541E-017,1.43020852352173E-017,1.87662116937787E-017,2.38681823229773E-017,2.96354805783258E-017,3.60772030435376E-017,4.31752656523744E-017,5.08727758172244E-017,5.90587766290224E-017,6.75483626281576E-017,6.80971274477435E-017,6.77597645117265E-017,6.66835538539679E-017,6.5006557775174E-017,6.28546811997745E-017,6.03402542228097E-017,5.75616604346507E-017,5.46036610908241E-017,5.15381607129363E-017,4.84252314896143E-017,4.53142674846111E-017,4.22451794715285E-017,3.92495705300051E-017,3.63518539167919E-017,3.3570290130878E-017,3.09179310272276E-017,2.84034664443074E-017,2.6031973967285E-017,2.38055758105118E-017,2.17240088663262E-017,1.97851151045724E-017,1.7985259995941E-017
1.97610794967147E-018,4.35789277426514E-018,7.1947687683558E-018,1.05370628743579E-017,1.44342229490092E-017,1.89322570602706E-017,2.40701645501542E-017,2.98750537397087E-017,3.63555583263947E-017,4.34930605555171E-017,5.12300989717288E-017,5.94551755955062E-017,6.79829738561894E-017,6.85388879624474E-017,6.82052422389294E-017,6.7129422460472E-017,6.54496815517814E-017,6.32921783655707E-017,6.07695399730142E-017,5.79804721239178E-017,5.5010068402695E-017,5.19305637385542E-017,4.88023494798003E-017,4.56751207541195E-017,4.25890665923656E-017,3.95760425966839E-017,3.66606873274697E-017,3.38614590197526E-017,3.11915802126521E-017,2.86598855259682E-017,2.62715730134031E-017,2.40288629194492E-017,2.19315697623261E-017,1.99775948304019E-017,1.81633466917365E-017
1.99737634266143E-018,4.40306639849823E-018,7.26649926378943E-018,1.06379570257275E-017,1.45667718820049E-017,1.90987552542952E-017,2.42726211284105E-017,3.01151007048838E-017,3.66343635861887E-017,4.38112580672439E-017,5.15877545761287E-017,5.985181569077E-017,6.8417715744052E-017,6.89807463646739E-017,6.86507922532464E-017,6.75753460793419E-017,6.58928515772127E-017,6.3729721026554E-017,6.11988775261767E-017,5.83993477829757E-017,5.54165564026743E-017,5.23230674179477E-017,4.91795901109923E-017,4.60361195735526E-017,4.29331221460324E-017,3.9902705167849E-017,3.6969731879107E-017,3.41528577792756E-017,3.14654757584898E-017,2.89165650066298E-017,2.65114439389245E-017,2.4252430809693E-017,2.2139417812742E-017,2.01703656593855E-017,1.83417261605313E-017
2.01874376821448E-018,4.44843249560347E-018,7.3385071274794E-018,1.07392018278578E-017,1.46997300781515E-017,1.92657037667212E-017,2.44755489957828E-017,3.03556178863918E-017,3.69136147621998E-017,4.41298537255119E-017,5.19457378508743E-017,6.02486919046693E-017,6.88525831351755E-017,6.94226971171277E-017,6.90964085987067E-017,6.80213183021247E-017,6.63360609695236E-017,6.41673018234895E-017,6.16282590604089E-017,5.88182791593671E-017,5.58231164548725E-017,5.27156627908359E-017,4.95569441660349E-017,4.63972545415065E-017,4.32773366215275E-017,4.02295486969037E-017,3.72789780606629E-017,3.44444770005414E-017,3.17396084187164E-017,2.91734958572185E-017,2.67515779786365E-017,2.44762710194675E-017,2.23475448915453E-017,2.03634198265481E-017,1.85203910171116E-017
2.04021000163887E-018,4.49399052162987E-018,7.41079141170325E-018,1.08407958598334E-017,1.48330955937808E-017,1.94331001054117E-017,2.46789451123594E-017,3.05966017241348E-017,3.71933078264382E-017,4.44488431062898E-017,5.23040440595697E-017,6.06457992752843E-017,6.92875709263718E-017,6.98647347424743E-017,6.95420853866384E-017,6.84673327955435E-017,6.67793029300198E-017,6.46049134882824E-017,6.20576768523085E-017,5.92372581056151E-017,5.6229740033794E-017,5.31083410115081E-017,4.99344025452009E-017,4.67585163755314E-017,4.36217006270358E-017,4.05565637554584E-017,3.75884164772246E-017,3.4736307387725E-017,3.2013969056516E-017,2.94306691533173E-017,2.69919664668959E-017,2.47003751810784E-017,2.25559429610271E-017,2.05567496493131E-017,1.86993339526819E-017
2.06177481919448E-018,4.53973993525569E-018,7.48335117382161E-018,1.09427377090519E-017,1.49668664974874E-017,1.96009417950467E-017,2.48828064600411E-017,3.08380486850707E-017,3.74734387832707E-017,4.47682218231182E-017,5.26626685084675E-017,6.10431328883478E-017,6.97226740671881E-017,7.03068538226022E-017,6.99878167948253E-017,6.89133833005419E-017,6.7222570742189E-017,6.50425488428049E-017,6.24871232756945E-017,5.96562765778894E-017,5.66364187229537E-017,5.3501093347415E-017,5.03119562647827E-017,4.71198959107443E-017,4.39662048885839E-017,4.08837410320453E-017,3.78980378487956E-017,3.50283397569556E-017,3.2288548643247E-017,2.96880760742288E-017,2.72326008367904E-017,2.49247350201746E-017,2.27646040711577E-017,2.07503475269553E-017,1.88785477344067E-017
2.08343799808902E-018,4.58568019777144E-018,7.55618547623729E-018,1.10450259711486E-017,1.51010408700071E-017,1.97692263769475E-017,2.50871300423048E-017,3.10799552629119E-017,3.77540036690544E-017,4.50879855266776E-017,5.30216065459722E-017,6.14406878766815E-017,7.01578875592696E-017,7.07490489978968E-017,7.04335970666783E-017,6.93594636313444E-017,6.766585777065E-017,6.54802007977417E-017,6.29165908003637E-017,6.00753266346901E-017,5.70431442135128E-017,5.38939111777803E-017,5.06895964557009E-017,4.74813840984586E-017,4.43108402487091E-017,4.12110713308446E-017,3.82078330090933E-017,3.53205650351961E-017,3.25633382574111E-017,2.99457079020399E-017,2.7473472619301E-017,2.51493423550069E-017,2.2973520358941E-017,2.09442059400487E-017,1.90580252049466E-017
2.10519931647421E-018,4.63181077306279E-018,7.62929338635471E-018,1.11476592499211E-017,1.52356168040983E-017,1.99379514089051E-017,2.52919128839714E-017,3.13223179778299E-017,3.80349985517752E-017,4.54081299043632E-017,5.33808535621517E-017,6.18384594196426E-017,7.05932064557337E-017,7.11913149665253E-017,7.08794205104188E-017,6.98055676745314E-017,6.81091574601185E-017,6.59178623514531E-017,6.33460719908647E-017,6.04944004355524E-017,5.74499083029346E-017,5.42867859922295E-017,5.10673143621311E-017,4.78429720048287E-017,4.46555976651431E-017,4.15385455704233E-017,3.85177929043566E-017,3.561297425913E-017,3.28383290836291E-017,3.02035560206889E-017,2.77145734424643E-017,2.53741890956866E-017,2.31826840477668E-017,2.11383174499084E-017,1.92377592819862E-017
2.12705855344184E-018,4.67813112759363E-018,7.70267397653969E-018,1.12506361572559E-017,1.53705924044242E-017,2.01071144650095E-017,2.54971520309768E-017,3.15651333761631E-017,3.83164195306928E-017,4.57286506798667E-017,5.37404049882563E-017,6.22364427425776E-017,7.10286258605532E-017,7.16336464837336E-017,7.13252814982764E-017,7.02516893881289E-017,6.85524633343889E-017,6.6355526588856E-017,6.37755595052907E-017,6.09134902397692E-017,5.78567028936579E-017,5.46797093894376E-017,5.14451013401471E-017,4.82046508095114E-017,4.50004682095085E-017,4.18661547824849E-017,3.88279085921623E-017,3.59055585740561E-017,3.31135124116193E-017,3.04616119150361E-017,2.79558950305358E-017,2.55992672434418E-017,2.33920874467594E-017,2.13326746980289E-017,1.94177429577579E-017
2.14901548901992E-018,4.72464073038915E-018,7.77632632407964E-018,1.13539553130551E-017,1.55059657874365E-017,2.02767131354823E-017,2.57028445501465E-017,3.18083980301305E-017,3.85982627359916E-017,4.60495436127645E-017,5.41002562962454E-017,6.26346331162862E-017,7.14641409279499E-017,7.20760383611544E-017,7.17711744656985E-017,7.0697822800713E-017,6.89957689953323E-017,6.67931866803226E-017,6.42050460940914E-017,6.13325884051332E-017,5.82635199917901E-017,5.50726730757949E-017,5.18229488563815E-017,4.85664118043411E-017,4.53454430660301E-017,4.21938901106315E-017,3.91381712402521E-017,3.61983092327903E-017,3.33888796351837E-017,3.07198671699366E-017,2.8197429203154E-017,2.58245688898734E-017,2.36017229501234E-017,2.1527270405518E-017,1.95979692985586E-017
2.17106990416859E-018,4.77133905301903E-018,7.85024951114406E-018,1.14576153451644E-017,1.56417350812615E-017,2.04467450265121E-017,2.59089875289742E-017,3.20521085375493E-017,3.88805243284359E-017,4.63708044981128E-017,5.44604029983225E-017,6.30330258564929E-017,7.18997468617972E-017,7.25184854661256E-017,7.22170939105726E-017,7.11439620105282E-017,6.94390681219106E-017,6.72308358805949E-017,6.46345245989018E-017,6.1751687386697E-017,5.86703517058184E-017,5.54656688640902E-017,5.22008484867029E-017,4.89282463920223E-017,4.5690513530259E-017,4.25217428091371E-017,3.94485721253683E-017,3.64912175945747E-017,3.36644222511974E-017,3.09783134693167E-017,2.84391678745061E-017,2.60500862162101E-017,2.38115830364882E-017,2.17220973725261E-017,1.97784314442624E-017
2.19322158077616E-018,4.8182255695806E-018,7.92444262474551E-018,1.15616148893017E-017,1.57778984255866E-017,2.06172077600915E-017,2.61155780754028E-017,3.22962615215565E-017,3.9163200499032E-017,4.66924291660489E-017,5.48208406464759E-017,6.34316163233274E-017,7.23354389150329E-017,7.29609827210201E-017,7.2663034392461E-017,7.15901011846195E-017,6.98823544692053E-017,6.76684675277177E-017,6.50639879513893E-017,6.2170779735551E-017,5.90771902453383E-017,5.58586886722118E-017,5.25787919149096E-017,4.92901460848358E-017,4.6035671007811E-017,4.28497042417331E-017,3.97591026320999E-017,3.67842751239943E-017,3.39401318586047E-017,3.12369425952545E-017,2.86811030524947E-017,2.62758114925634E-017,2.4021660268249E-017,2.19171484776731E-017,1.99591226078282E-017
2.21547030165504E-018,4.86529975668222E-018,7.99890475670076E-018,1.16659525889869E-017,1.59144539715495E-017,2.07880989738567E-017,2.63226133176096E-017,3.25408536303359E-017,3.94462874686947E-017,4.70144134813989E-017,5.51815648320286E-017,6.38303999208125E-017,7.27712123890802E-017,7.34035251025854E-017,7.31089905318474E-017,7.20362345579787E-017,7.03256218674619E-017,6.81060750419861E-017,6.54934291721174E-017,6.25898580976194E-017,5.94840279198007E-017,5.62517245218656E-017,5.29567709314402E-017,4.96521025033609E-017,4.63809070131182E-017,4.31777658804056E-017,4.00697542517382E-017,3.70774733899024E-017,3.42160001574207E-017,3.14957464270626E-017,2.89232268379065E-017,2.65017370771822E-017,2.42319472909079E-017,2.2112416677472E-017,2.01400360748026E-017
2.23781585053755E-018,4.91256109342659E-018,8.07363500359252E-018,1.17706270954716E-017,1.60513998816275E-017,2.09594163209298E-017,2.65300904037939E-017,3.27858815368482E-017,3.97297814879194E-017,4.73367533432913E-017,5.55425711851935E-017,6.42293720963602E-017,7.32070626332784E-017,7.38461076412944E-017,7.35549570093952E-017,7.24823564327028E-017,7.07688642211486E-017,6.85436519249101E-017,6.59228413694269E-017,6.30089152124737E-017,5.98908571372762E-017,5.66447685373098E-017,5.33347774320991E-017,5.00141073752119E-017,4.67262131681935E-017,4.35059193042034E-017,4.03805185811419E-017,3.73708040643522E-017,3.44920189477382E-017,3.17547169403762E-017,2.91655314235834E-017,2.67278554157084E-017,2.4442436832412E-017,2.23078950057487E-017,2.03211652028191E-017
2.26025801207189E-018,4.96000906139422E-018,8.14863246673136E-018,1.18756370676712E-017,1.618873432953E-017,2.11311574697628E-017,2.67380065019684E-017,3.30313419385657E-017,4.0013678836459E-017,4.7659444684777E-017,5.5903855374637E-017,6.46285283402765E-017,7.36429850443223E-017,7.42887254207052E-017,7.40009285652171E-017,7.29284611771671E-017,7.121207550803E-017,6.89811917581949E-017,6.63522177383334E-017,6.34279439121626E-017,6.02976704032359E-017,5.70378129441076E-017,5.37128034167994E-017,5.037615253379E-017,4.70715812014094E-017,4.38341561980587E-017,4.06913873216122E-017,3.76642589215373E-017,3.47681801287411E-017,3.20138462062441E-017,2.9408009093595E-017,2.69541590404317E-017,2.46531217024915E-017,2.25035765730609E-017,2.05025034210935E-017
2.28279657181786E-018,5.00764314462698E-018,8.22389625211804E-018,1.19809811720962E-017,1.63264555000905E-017,2.13033201039841E-017,2.69463587997536E-017,3.32772315572113E-017,4.02979758230059E-017,4.7982483472455E-017,5.6265413107048E-017,6.50278641852721E-017,7.40789750657099E-017,7.47313735768314E-017,7.44468999981564E-017,7.33745432252091E-017,7.16552497782547E-017,6.94186882027359E-017,6.67815515594411E-017,6.38469371200595E-017,6.070446031935E-017,5.74308500678946E-017,5.40908409883203E-017,5.07382299170488E-017,4.74170029462892E-017,4.41624683516187E-017,4.10023522777781E-017,3.79578298367399E-017,3.50444756977238E-017,3.22731263902248E-017,2.96506522224141E-017,2.71806405695468E-017,2.48639947919968E-017,2.26994545661134E-017,2.06840442299158E-017
2.3054313162427E-018,5.05546282961166E-018,8.29942547040621E-018,1.20866580827853E-017,1.6464561589162E-017,2.14759019222472E-017,2.71551445041747E-017,3.3523547138501E-017,4.05826687848795E-017,4.83058657061041E-017,5.66272401267145E-017,6.54273752059823E-017,7.4515028187199E-017,7.51740472975219E-017,7.48928661650792E-017,7.38205970753271E-017,7.20983811534571E-017,6.98561349976301E-017,6.72108361978733E-017,6.42658878497262E-017,6.11112195823025E-017,5.78238723331641E-017,5.44688823510809E-017,5.11003315662756E-017,4.77624703403112E-017,4.44908476580892E-017,4.13134053564906E-017,3.82515087852872E-017,3.5320897749116E-017,3.2532549751486E-017,2.98934532740945E-017,2.74072927064102E-017,2.50750490722347E-017,2.28955222471726E-017,2.08657812001396E-017
2.32816203271687E-018,5.10346760526372E-018,8.37521923686546E-018,1.2192666481239E-017,1.66030508035118E-017,2.16489006380812E-017,2.73643608414625E-017,3.37702854518906E-017,4.08677540877172E-017,4.86295874183194E-017,5.69893322151064E-017,6.58270570184932E-017,7.49511399442716E-017,7.56167418218501E-017,7.53388219801771E-017,7.42666172898887E-017,7.25414638258722E-017,7.02935259592007E-017,6.76400651022172E-017,6.46847892037927E-017,6.15179409826221E-017,5.82168722620673E-017,5.48469198099286E-017,5.14624496248855E-017,4.81079754237267E-017,4.48192861130888E-017,4.1624538565727E-017,3.85452878415149E-017,3.55974384735147E-017,3.27921086419096E-017,3.01364048014523E-017,2.76341082387987E-017,2.52862775943051E-017,2.30917729534789E-017,2.10477079726675E-017
2.35098850950974E-018,5.15165696291098E-018,8.45127667134467E-018,1.22990050563538E-017,1.67419213607193E-017,2.18223139797442E-017,2.7574005056856E-017,3.4017443290326E-017,4.11532281251715E-017,4.89536446741558E-017,5.73516851904644E-017,6.6226905279875E-017,7.5387305917607E-017,7.60594524395127E-017,7.57847624142811E-017,7.47125984943539E-017,7.29844920574649E-017,7.07308549800378E-017,6.80692318034858E-017,6.51036343728535E-017,6.19246174035297E-017,5.86098424732298E-017,5.52249457689433E-017,5.18245763372309E-017,4.845351033839E-017,4.51477758135154E-017,4.19357440135059E-017,3.88391591777402E-017,3.58740901567223E-017,3.30517955052006E-017,3.03794994452489E-017,2.78610800381697E-017,2.54976734884365E-017,2.32882000966576E-017,2.12298182579353E-017
2.37391053578535E-018,5.20003039627758E-018,8.52759689823579E-018,1.24056725043575E-017,1.68811714890744E-017,2.19961396900777E-017,2.77840744144092E-017,3.42650174699977E-017,4.14390873186105E-017,4.92780335707759E-017,5.77142949073957E-017,6.66269156877235E-017,7.58235217325625E-017,7.65021744902369E-017,7.62306824941853E-017,7.51585353765075E-017,7.34274601790711E-017,7.11681160280524E-017,6.84983299140936E-017,6.55224166343787E-017,6.23312418198011E-017,5.90027756805837E-017,5.56029527302559E-017,5.21867040474242E-017,4.87990673266015E-017,4.54763089564239E-017,4.22470139068102E-017,3.91331150632414E-017,3.61508451787905E-017,3.33116028760007E-017,3.06227299333783E-017,2.80882010589225E-017,2.57092299633231E-017,2.3484797162129E-017,2.14121058353933E-017
2.39692790159807E-018,5.24858740146785E-018,8.60417904643789E-018,1.2512667528745E-017,1.70207994274771E-017,2.21703755263637E-017,2.79945661967993E-017,3.45130048300979E-017,4.17253281168239E-017,4.96027502371031E-017,5.8077157256475E-017,6.70270839797072E-017,7.62597830586619E-017,7.69449033631975E-017,7.66765773019812E-017,7.5604422685705E-017,7.38703625895532E-017,7.16053031455454E-017,6.89273531268485E-017,6.59411293516413E-017,6.27378072966461E-017,5.93956646922148E-017,5.59809332928822E-017,5.25488251981748E-017,4.9144638729964E-017,4.58048778379145E-017,4.25583405505215E-017,3.94271478632472E-017,3.64276960130715E-017,3.35715233790076E-017,3.08660890800573E-017,2.83154643376618E-017,2.59209403054613E-017,2.36815577085181E-017,2.15945645529858E-017
2.42004039788832E-018,5.29732747695039E-018,8.68102224932157E-018,1.26199888402151E-017,1.71608034253388E-017,2.23450192601838E-017,2.8205477705139E-017,3.47614022325827E-017,4.20119469957329E-017,4.99277908334809E-017,5.84402681638526E-017,6.74274059331218E-017,7.66960856090916E-017,7.73876344964417E-017,7.71224419744023E-017,7.6050255232129E-017,7.43131937549668E-017,7.20424104482888E-017,6.93562952139568E-017,6.63597659726594E-017,6.31443069886015E-017,5.9788502409225E-017,5.63588801515706E-017,5.29109323296394E-017,4.94902169882502E-017,4.61334748520329E-017,4.28697163463633E-017,3.97212500379329E-017,3.67046352252757E-017,3.38315497280984E-017,3.1109569785019E-017,2.85428629924631E-017,2.61327978784871E-017,2.38784753670626E-017,2.1777188326629E-017
2.44324781647818E-018,5.34625012354218E-018,8.75812564469373E-018,1.27276351566077E-017,1.73011817424848E-017,2.25200686772798E-017,2.84168062587906E-017,3.50102065619367E-017,4.22989404581042E-017,5.02531515513361E-017,5.88036235908671E-017,6.78278773644513E-017,7.71324251402047E-017,7.78303633763233E-017,7.75682717021773E-017,7.64960278860566E-017,7.47559482077409E-017,7.24794321246225E-017,6.97851500260444E-017,6.67783200291536E-017,6.35507341384412E-017,6.01812818246095E-017,5.67367860956651E-017,5.3273018078286E-017,4.98357946382839E-017,4.64620924896815E-017,4.31811337918545E-017,4.00154141414254E-017,3.69816554725353E-017,3.4091674725459E-017,3.13531650327104E-017,2.87703902221405E-017,2.6344796122515E-017,2.40755438410217E-017,2.19599711396872E-017
2.46654995006707E-018,5.3953548443928E-018,8.83548837476267E-018,1.2835605202842E-017,1.74419326490577E-017,2.26955215774168E-017,2.86285491951831E-017,3.5259414724941E-017,4.2586305033269E-017,5.05788286128482E-017,5.91672195336648E-017,6.82284941289353E-017,7.75687974510317E-017,7.82730855369446E-017,7.80140617293946E-017,7.69417355771381E-017,7.51986205458696E-017,7.29163624345625E-017,7.02139114911902E-017,6.71967851355181E-017,6.39570820760992E-017,6.05739960221492E-017,5.71146440079813E-017,5.36350751757713E-017,5.01813643128334E-017,4.67907233375417E-017,4.34925854792719E-017,4.03096328208165E-017,3.72587495024756E-017,3.43518912607173E-017,3.15968678914928E-017,2.89980393055163E-017,2.65569285534767E-017,2.4272756905084E-017,2.21429070424479E-017
2.48994659222739E-018,5.44464114496875E-018,8.91310958610353E-018,1.29438977108552E-017,1.75830544254224E-017,2.28713757742477E-017,2.8840703869632E-017,3.55090236504457E-017,4.28740372768456E-017,5.09048182706229E-017,5.95310520228244E-017,6.86292521201435E-017,7.80051983827994E-017,7.87157965596074E-017,7.84598073528747E-017,7.73873732936865E-017,7.56412054321162E-017,7.33531957089232E-017,7.06425736139752E-017,6.76151549878077E-017,6.43633442176085E-017,6.09666381753167E-017,5.74924468636975E-017,5.39970964478313E-017,5.05269187395162E-017,4.7119360077007E-017,4.38040640946231E-017,4.0603898815184E-017,3.75359101522927E-017,3.46121923100836E-017,3.18406715128477E-017,2.92258036006937E-017,2.67691887624623E-017,2.44701084047758E-017,2.23259901515963E-017
2.51343753740008E-018,5.49410853303783E-018,8.99098842962401E-018,1.30525114195423E-017,1.77245453620726E-017,2.30476290951797E-017,2.90532676551613E-017,3.57590302891445E-017,4.3162133770466E-017,5.12311168073703E-017,5.98951171229872E-017,6.90301472695551E-017,7.84416238184553E-017,7.91584920722715E-017,7.8905503921553E-017,7.78329360819769E-017,7.60836975932289E-017,7.37899263484524E-017,7.10711304745436E-017,6.80334233627375E-017,6.47695140640536E-017,6.13592015461971E-017,5.7870187729259E-017,5.43590748131852E-017,5.08724507397169E-017,4.74479954831269E-017,4.41155624166288E-017,4.08982049546218E-017,3.78131303478374E-017,3.48725709354948E-017,3.20845691305846E-017,2.94536765443318E-017,2.69815704150622E-017,2.46675922558699E-017,2.25092146496884E-017
2.53702258089032E-018,5.54375651865369E-018,9.0691240605305E-018,1.31614450746961E-017,1.78664037595375E-017,2.32242793812429E-017,2.92662379423288E-017,3.6009431613353E-017,4.34505911215068E-017,5.1557720535589E-017,6.02594109324929E-017,6.9431175546146E-017,7.88780696822012E-017,7.96011677490207E-017,7.93511468358712E-017,7.8278419045557E-017,7.65260918191676E-017,7.42265488229785E-017,7.1499576227679E-017,6.84515841166977E-017,6.51755852005381E-017,6.17516794844231E-017,5.82478597612964E-017,5.47210032824518E-017,5.12179532275164E-017,4.77766224235629E-017,4.44270733157145E-017,4.11925441592774E-017,3.80904031027074E-017,3.51330202837652E-017,3.23285540600548E-017,2.96816516509237E-017,2.71940672507105E-017,2.48652024437936E-017,2.26925747846238E-017
2.56070151886306E-018,5.59358461414037E-018,9.14751563829445E-018,1.32706974289482E-017,1.80086279282909E-017,2.34013244869601E-017,2.94796121390526E-017,3.62602246167907E-017,4.37394059628244E-017,5.18846257972532E-017,6.06239295830201E-017,6.98323329559801E-017,7.93145319390312E-017,8.00438193095381E-017,7.97967315471774E-017,7.87238173445671E-017,7.69683829623427E-017,7.46630576705706E-017,7.19279051018919E-017,6.88696311847813E-017,6.55815512951647E-017,6.21440654261231E-017,5.86254562055565E-017,5.50828749570789E-017,5.15634192086332E-017,4.81052338575535E-017,4.47385897530119E-017,4.14869094383983E-017,3.83677215173449E-017,3.53935335857416E-017,3.25726196973685E-017,2.99097225120772E-017,2.7406673082031E-017,2.50629330230395E-017,2.28760648691183E-017
2.58447414833864E-018,5.64359233407704E-018,9.2261623266192E-018,1.33802672417105E-017,1.81512161886605E-017,2.3578762280219E-017,2.96933876704413E-017,3.65114063143653E-017,4.40285749524929E-017,5.22118289635057E-017,6.09886692392335E-017,7.02336155418085E-017,7.97510065942782E-017,8.0486442518587E-017,8.02422535571353E-017,7.91691261950702E-017,7.74105659368646E-017,7.50994474967095E-017,7.23561113985218E-017,6.9287558579826E-017,6.59874060980309E-017,6.2536352892884E-017,5.90029703958481E-017,5.54446830282853E-017,5.19088417793768E-017,4.8433822834891E-017,4.50501047793701E-017,4.17812938893866E-017,3.86450787781419E-017,3.56541041554655E-017,3.28167595186159E-017,3.01378827957988E-017,2.76193817941836E-017,2.5260778116575E-017,2.30596792801759E-017
2.60834026718843E-018,5.69377919528275E-018,9.30506329340691E-018,1.34901532791179E-017,1.82941668707388E-017,2.37565906421456E-017,2.99075619786258E-017,3.67629737419604E-017,4.4318094773547E-017,5.25393264343546E-017,6.1353626098434E-017,7.0635019382673E-017,8.01874896931662E-017,8.09290331855013E-017,8.06877084171419E-017,7.96143408683925E-017,7.78526357178038E-017,7.55357129734727E-017,7.27841894908508E-017,6.97053603914684E-017,6.63931434402364E-017,6.29285354907265E-017,5.93803957529989E-017,5.58064207760159E-017,5.22542141256121E-017,4.87623824949094E-017,4.5361611534376E-017,4.20756906968612E-017,3.8922468156553E-017,3.591472538934E-017,3.3060967079094E-017,3.03661262457812E-017,2.78321873442144E-017,2.54587319152541E-017,2.32434124585615E-017
2.63229967413032E-018,5.74414471680135E-018,9.38421771072602E-018,1.36003543139707E-017,1.84374783142953E-017,2.39348074669796E-017,3.01221325225938E-017,3.70149239562267E-017,4.46079621337278E-017,5.28671146383746E-017,6.1718796390216E-017,7.10365405935158E-017,8.06239773203687E-017,8.13715871636815E-017,8.11330917277537E-017,8.00594566904718E-017,7.82945873404625E-017,7.5971848838729E-017,7.32121338232308E-017,7.01230307852124E-017,6.6798757232905E-017,6.33206069090941E-017,5.97577257838272E-017,5.61680815679078E-017,5.2599529521736E-017,4.90909060654812E-017,4.56731032453844E-017,4.23700931317297E-017,3.91998830082137E-017,3.61753907653028E-017,3.33052360125363E-017,3.0594446680693E-017,2.8045083760407E-017,2.56567886772297E-017,2.34272589082732E-017
2.6563521687244E-018,5.79468841988644E-018,9.46362475477896E-018,1.37108691256784E-017,1.85811488686893E-017,2.41134106619514E-017,3.03370967780265E-017,3.72672540343754E-017,4.48981737652326E-017,5.31951900324127E-017,6.2084176376128E-017,7.14381753247951E-017,8.10604655995745E-017,8.18141003500995E-017,8.15783991381209E-017,8.05044690412177E-017,7.87364158996562E-017,7.64078498953457E-017,7.36399389102217E-017,7.05405640015095E-017,6.7204241466219E-017,6.37125609198557E-017,6.01349540801252E-017,5.65296588582702E-017,5.29447813296651E-017,4.94193868620269E-017,4.5984573226557E-017,4.26644945502669E-017,3.94773167720676E-017,3.64360938420048E-017,3.35495600303484E-017,3.08228379934735E-017,2.82580651416362E-017,2.58549427273676E-017,2.36112131960148E-017
2.68049755136848E-018,5.84540982798649E-018,9.54328360587008E-018,1.38216965002041E-017,1.8725176892784E-017,2.42923981471607E-017,3.05524522371374E-017,3.75199610739749E-017,4.51887264244683E-017,5.35235491012979E-017,6.24497623493393E-017,7.18399197621055E-017,8.14969506930585E-017,8.22565686848092E-017,8.202362634543E-017,8.09493733538785E-017,7.91781165490052E-017,7.68437110104071E-017,7.40675993357429E-017,7.09579543548524E-017,6.76095902084666E-017,6.41043913763197E-017,6.0512074317655E-017,5.68911461870752E-017,5.32899629978347E-017,4.97478182865326E-017,4.62960148779117E-017,4.29588883932025E-017,3.97547629694991E-017,3.66968282579946E-017,3.37939329208476E-017,3.10512941506294E-017,2.84711256567243E-017,2.60531884566613E-017,2.37952699506694E-017
2.70473562329373E-018,5.89630846673001E-018,9.62319344837402E-018,1.39328352300091E-017,1.8869560754862E-017,2.44717678554567E-017,3.07681964085135E-017,3.77730421927504E-017,4.54796168918081E-017,5.38521883575549E-017,6.28155506343103E-017,7.22417701258043E-017,8.19334288012593E-017,8.26989881504644E-017,8.24687690943542E-017,8.13941651144192E-017,7.9619684500237E-017,7.72794271144435E-017,7.4495109752236E-017,7.13751962328801E-017,6.80147976051023E-017,6.44960922122624E-017,6.08890802551579E-017,5.72525371789607E-017,5.36350680602092E-017,5.00761938265802E-017,4.66074216843805E-017,4.3253268184817E-017,4.00322152034738E-017,3.69575877309095E-017,3.40383485485075E-017,3.12798091915363E-017,2.86842595438001E-017,2.62515203216495E-017,2.39794238627738E-017
2.72906618656022E-018,5.94738386391082E-018,9.7033534707043E-018,1.40442841139986E-017,1.90142988325414E-017,2.46515177323199E-017,3.09843268169585E-017,3.80264945283863E-017,4.57708419713516E-017,5.41811043411227E-017,6.31815375864681E-017,7.26437226706429E-017,8.23698961623627E-017,8.31413547718445E-017,8.29138231765116E-017,8.18388398609072E-017,8.00611150224984E-017,7.77149932006717E-017,7.49224648798392E-017,7.17922840954965E-017,6.84198578778194E-017,6.48876574409677E-017,6.12659657333748E-017,5.76138255422462E-017,5.39800901353037E-017,5.04045070543861E-017,4.69187872148765E-017,4.35476275320457E-017,4.03096671576865E-017,3.72183660566715E-017,3.42828008532072E-017,3.15083772277432E-017,2.88974611096603E-017,2.6449932843834E-017,2.41636696839924E-017
2.75348904405253E-018,5.99863554947346E-018,9.78376286528229E-018,1.4156041957468E-017,1.91593895126933E-017,2.48316457357455E-017,3.12008410033386E-017,3.82803152383308E-017,4.60623984906886E-017,5.45102936190758E-017,6.35477195918868E-017,7.30457736854034E-017,8.28063490518905E-017,8.3583664615385E-017,8.33587844299312E-017,8.22833931829071E-017,8.05024034416769E-017,7.81504043242457E-017,7.53496595055735E-017,7.22092124739998E-017,6.88247653236349E-017,6.52790811542798E-017,6.16427246740795E-017,5.79750050679585E-017,5.43250229252161E-017,5.07327516258509E-017,4.72301051213712E-017,4.38419601235904E-017,4.05871125957153E-017,3.74791571086896E-017,3.45272838494855E-017,3.17369924422811E-017,2.9110724729134E-017,2.66484206091004E-017,2.43480022265938E-017
2.77800399947535E-018,6.05006305549864E-018,9.86442082850638E-018,1.4268107572049E-017,1.93048311913598E-017,2.50121498361283E-017,3.14177365244296E-017,3.85345014996045E-017,4.6354283300666E-017,5.48397527853505E-017,6.39140930669718E-017,7.34479194925401E-017,8.32427837822961E-017,8.40259137887167E-017,8.38036487385265E-017,8.2727820720884E-017,8.09435451397326E-017,7.85856556015185E-017,7.57766884825396E-017,7.26259759702245E-017,6.92295143139868E-017,6.56703575216676E-017,6.20193510791238E-017,5.83360696288704E-017,5.46698602146709E-017,5.10609212796193E-017,4.75413691379799E-017,4.41362597290402E-017,4.08645453601835E-017,3.7739954837069E-017,3.47717916258002E-017,3.19656490889759E-017,2.93240448444494E-017,2.68469782671401E-017,2.4532416362927E-017
2.80261085734906E-018,6.10166591618885E-018,9.94532656072153E-018,1.43804797756575E-017,1.94506222736738E-017,2.51930280161492E-017,3.16350109527668E-017,3.87890505086097E-017,4.66464932751575E-017,5.51694784604744E-017,6.42806544581485E-017,7.3850156447826E-017,8.36791967025645E-017,8.44680984402096E-017,8.42484120315763E-017,8.31721181656154E-017,8.13845355540385E-017,7.90207422093135E-017,7.62035467291268E-017,7.30425692556949E-017,6.9634099293843E-017,6.60614807893018E-017,6.2395839029494E-017,5.86970131785499E-017,5.50145958700728E-017,5.13890098361493E-017,4.78525730800564E-017,4.44305201979997E-017,4.1141959371928E-017,3.80007532678245E-017,3.50163183437924E-017,3.21943414917642E-017,2.95374159646047E-017,2.70456005308749E-017,2.47169070249001E-017
2.82730942300535E-018,6.15344366785404E-018,1.00264792661891E-017,1.44931573924415E-017,1.9596761173779E-017,2.53742782706626E-017,3.18526618764966E-017,3.90439594809446E-017,4.69390253108376E-017,5.54994672912997E-017,6.46474002415561E-017,7.42524809400049E-017,8.41155841978192E-017,8.49102147585242E-017,8.46930702832126E-017,8.36162812576111E-017,8.18253701767308E-017,7.9455659384207E-017,7.66302292282315E-017,7.34589870707895E-017,7.0038514780822E-017,6.6452445279143E-017,6.27721826843801E-017,5.90578297504213E-017,5.5359223838572E-017,5.17170111967923E-017,4.81637108432973E-017,4.47247354592253E-017,4.14193486291761E-017,3.82615465021022E-017,3.52608582375551E-017,3.24230640440142E-017,2.97508326647408E-017,2.72442821758835E-017,2.49014692034593E-017
2.85209950258282E-018,6.20539584889738E-018,1.01078781530569E-017,1.46061392527294E-017,1.97432463147514E-017,2.55558986065863E-017,3.207068689923E-017,3.92992256512178E-017,4.72318763269577E-017,5.58297159507408E-017,6.50143269227444E-017,7.4654889390447E-017,8.4551942688933E-017,8.53522589721687E-017,8.51376195119165E-017,8.40603057865417E-017,8.22660445540679E-017,7.98904024218195E-017,7.70567310264882E-017,7.38752242239175E-017,7.04427553643256E-017,6.6843245388042E-017,6.31483762802548E-017,5.94185134568366E-017,5.57037381471393E-017,5.2044919342882E-017,4.84747764028551E-017,4.50188995197704E-017,4.16967072067275E-017,3.85223287154052E-017,3.55054056129082E-017,3.26518112078501E-017,2.99642895855182E-017,2.74430180398305E-017,2.50860979480698E-017
2.87698090302259E-018,6.25752199980119E-018,1.01895224333298E-017,1.47194241929791E-017,1.98900761285218E-017,2.57378870427921E-017,3.22890836398982E-017,3.95548462728674E-017,4.75250432651256E-017,5.61602211375144E-017,6.53814310363761E-017,7.50573782528103E-017,8.49882686321456E-017,8.57942273490621E-017,8.558205578002E-017,8.45041875906741E-017,8.27065542857988E-017,8.03249666761182E-017,7.74830472335092E-017,7.42912755907058E-017,7.08468157046822E-017,6.72338755868513E-017,6.35244141299656E-017,5.97790584881591E-017,5.60481329016518E-017,5.23727283348343E-017,4.87857638124596E-017,4.53130064641377E-017,4.1974029255145E-017,3.87830941568271E-017,3.57499548466773E-017,3.28805775134809E-017,3.01777814324961E-017,2.7641803021897E-017,2.52707883661984E-017
2.90195343206395E-018,6.30982166311287E-018,1.027141132284E-017,1.48330110557279E-017,2.00372490557986E-017,2.59202416099977E-017,3.25078497326104E-017,3.98108186179804E-017,4.78185230890882E-017,5.64909795758842E-017,6.57487091459319E-017,7.54599440127063E-017,8.54245585186856E-017,8.62361161961039E-017,8.60263751932152E-017,8.49479225563161E-017,8.31468950245397E-017,8.07593475587276E-017,7.79091730211357E-017,7.47071361131972E-017,7.12506905323023E-017,6.76243304195483E-017,6.39002906218372E-017,6.01394591118563E-017,5.63924022859891E-017,5.27004323112555E-017,4.90966672035493E-017,4.560705045344E-017,4.22513089999512E-017,3.90438371482904E-017,3.59945003859786E-017,3.31093575585335E-017,3.0391302975516E-017,2.7840632082215E-017,2.54555356227976E-017
2.92701689823996E-018,6.36229438343105E-018,1.03535440412185E-017,1.49468986895425E-017,2.01847635459922E-017,2.61029603506604E-017,3.27269828265124E-017,4.00671399771169E-017,4.81123127845169E-017,5.68219880154086E-017,6.61161578434204E-017,7.58625831873701E-017,8.58608088743979E-017,8.66779218587488E-017,8.64705739000708E-017,8.53915066172678E-017,8.35870624751595E-017,8.11935405382512E-017,7.83351036226992E-017,7.51228007990591E-017,7.16543746468441E-017,6.80146045023688E-017,6.42760002187846E-017,6.04997096716052E-017,5.67365405611402E-017,5.30280254880611E-017,4.94074807844106E-017,4.59010257245687E-017,4.25285407408336E-017,3.9304552083792E-017,3.62390367475089E-017,3.33381460073898E-017,3.06048490480879E-017,2.80395002413032E-017,2.56403349397914E-017
2.95217111087313E-018,6.41493970739171E-018,1.0435919811866E-017,1.50610859489698E-017,2.03326180571403E-017,2.6286041318872E-017,3.29464805856489E-017,4.03238076591345E-017,4.84064093587961E-017,5.71532432306919E-017,6.64837737490921E-017,7.62652923253351E-017,8.62970162593762E-017,8.71196407205883E-017,8.6914648091554E-017,8.58349357542808E-017,8.40270523941739E-017,8.16275411396013E-017,7.87608343322925E-017,7.5538264720803E-017,7.20578629163908E-017,6.8404692522953E-017,6.4651537457438E-017,6.08598045864069E-017,5.7080542064319E-017,5.33555021576038E-017,4.97181988393264E-017,4.61949265893708E-017,4.28057188508547E-017,3.95652334286538E-017,3.64835585168399E-017,3.35669375905285E-017,3.08184145467798E-017,2.8238402579506E-017,2.58251815955631E-017
2.97741588007106E-018,6.46775718365454E-018,1.05185378619246E-017,1.51755716944884E-017,2.04808110558334E-017,2.64694825802552E-017,3.31663406888256E-017,4.05808189910162E-017,4.87008098408142E-017,5.74847420211386E-017,6.68515535111565E-017,7.66680680061122E-017,8.67331772676002E-017,8.75612692029372E-017,8.73585940005604E-017,8.6278205994525E-017,8.44668605891479E-017,8.20613449433385E-017,7.91863605040505E-017,7.59535230150142E-017,7.24611502766382E-017,6.87945892395007E-017,6.50268969472781E-017,6.12197383497121E-017,5.74244012080921E-017,5.36828566878108E-017,5.00288157277335E-017,4.64887474338333E-017,4.30828377756717E-017,3.98258757187808E-017,3.67280603477194E-017,3.37957271038708E-017,3.10319944306118E-017,2.84373342364352E-017,2.60100709244452E-017
3.00275101672208E-018,6.52074636288925E-018,1.06013974222496E-017,1.52903547924606E-017,2.06293410171425E-017,2.66532822118608E-017,3.33865608294747E-017,4.08381713177009E-017,4.89955112807583E-017,5.78164812107118E-017,6.72194938055036E-017,7.7070906839873E-017,8.71692885265786E-017,8.80028037644258E-017,8.78024079014487E-017,8.67213134110625E-017,8.49064829181057E-017,8.249494758502E-017,7.96116775514415E-017,7.63685708815921E-017,7.28642317300928E-017,6.91842894799382E-017,6.54020733697817E-017,6.15795055285574E-017,5.77681124795141E-017,5.40100835213308E-017,5.03393258833877E-017,4.67824827172751E-017,4.33598920327608E-017,4.00864735599241E-017,3.69725369613763E-017,3.40245094081313E-017,3.12455837204527E-017,2.86362904104143E-017,2.61949983162113E-017
3.02817633249097E-018,6.57390679776211E-018,1.06844977273814E-017,1.54054341150841E-017,2.07782064245457E-017,2.68374383020669E-017,3.3607138715521E-017,4.10958620019148E-017,4.92905107499105E-017,5.81484576476939E-017,6.7587591335429E-017,7.74738054671376E-017,8.76053466969952E-017,8.8444240900598E-017,8.82460861095837E-017,8.7164254122329E-017,8.53459152889501E-017,8.29283447545571E-017,8.00367809465667E-017,7.6783403583E-017,7.32671023452807E-017,6.95737881410957E-017,6.57770614775779E-017,6.19391007627112E-017,5.81116704392746E-017,5.43371771746895E-017,5.0649723813539E-017,4.70761269715482E-017,4.36368762106502E-017,4.03470216269509E-017,3.72169831458315E-017,3.42532794281722E-017,3.14591774984206E-017,2.88352663579256E-017,2.63799592155695E-017
3.05369163981464E-018,6.62723804292254E-018,1.07678380155182E-017,1.55208085403459E-017,2.09274057698582E-017,2.70219489504785E-017,3.38280720692506E-017,4.13538884240067E-017,4.95858053404473E-017,5.84806682044511E-017,6.79558428313623E-017,7.78767605584661E-017,8.80413484723616E-017,8.88855771435142E-017,8.86896249808833E-017,8.76070242916216E-017,8.57851536588884E-017,8.33615321955811E-017,8.04616662194707E-017,7.71980164435252E-017,7.36697572559664E-017,6.99630801878947E-017,6.61518560936154E-017,6.22985187638302E-017,5.84550697208541E-017,5.46641322374552E-017,5.09600040981137E-017,4.73696748002449E-017,4.39137849681594E-017,4.06075146631199E-017,3.74613937552144E-017,3.44820321523635E-017,3.16727709072876E-017,2.9034257393061E-017,2.65649491216594E-017
3.07929675189779E-018,6.68073965498977E-018,1.08514175284884E-017,1.5636476951975E-017,2.10769375531607E-017,2.72068122678297E-017,3.40493586271808E-017,4.16122479817838E-017,4.98813921652426E-017,5.88131097772006E-017,6.83242450505999E-017,7.82797688141551E-017,8.84772905786734E-017,8.93268090613601E-017,8.91330209113733E-017,8.80496201265944E-017,8.62241940338669E-017,8.37945057048179E-017,8.088632895746E-017,7.76124048485492E-017,7.40721916603819E-017,7.03521606525458E-017,6.65264521103386E-017,6.2657754314625E-017,5.87983050296893E-017,5.49909433714132E-017,5.12701613889064E-017,4.76631208779138E-017,4.41906130336455E-017,4.08679474793642E-017,3.77057637090844E-017,3.47107626319462E-017,3.18863591498874E-017,2.92332588869744E-017,2.67499635875497E-017
3.10499148270871E-018,6.73441119253963E-018,1.09352355117232E-017,1.57524382393969E-017,2.12268002827301E-017,2.73920263758853E-017,3.42709961399319E-017,4.18709380903512E-017,5.01772683576717E-017,5.91457792857818E-017,6.86927947770408E-017,7.86828269639369E-017,8.89131697740715E-017,8.97679332580606E-017,8.95762703367476E-017,8.84920378787603E-017,8.6663032468013E-017,8.42272611314709E-017,8.1310764804431E-017,7.80265642438266E-017,7.44744008204657E-017,7.0741024633757E-017,6.69008444888753E-017,6.30168022680372E-017,5.91413711423483E-017,5.53176053097482E-017,5.15801904087791E-017,4.79564599492835E-017,4.44673552042566E-017,4.11283149535784E-017,3.79500879917578E-017,3.49394659804014E-017,3.20999374885278E-017,2.94322662673389E-017,2.69349982197401E-017
3.13077564697493E-018,6.78825221609146E-018,1.10192912142306E-017,1.58686912976876E-017,2.13769924749709E-017,2.75775894073455E-017,3.44929823721001E-017,4.21299561819522E-017,5.0473431071419E-017,5.94786736734289E-017,6.90614888209254E-017,7.90859317666836E-017,8.93489828485068E-017,9.02089463728986E-017,9.00193697319337E-017,8.89342738429998E-017,8.7101665063084E-017,8.46597943766126E-017,8.17349694602071E-017,7.84404901347742E-017,7.48763800611115E-017,7.11296672959514E-017,6.72750282582332E-017,6.33756575464245E-017,5.94842629057153E-017,5.56441128562376E-017,5.18900859508698E-017,4.82496868284932E-017,4.47440063451921E-017,4.13886120299139E-017,3.81943616516399E-017,3.51681373728231E-017,3.23135012444061E-017,2.96312750178054E-017,2.71200486776635E-017
3.156649060179E-018,6.84226228809509E-018,1.11035838885677E-017,1.5985235027529E-017,2.15275126543469E-017,2.77634995057501E-017,3.47153151021334E-017,4.23892997058116E-017,5.07698774802879E-017,5.9811789906548E-017,6.94303240185789E-017,7.94890800101151E-017,8.97847266234115E-017,9.06498450801384E-017,9.04623156106654E-017,8.93763243570758E-017,8.75400879679251E-017,8.50921013925837E-017,8.21589386798849E-017,7.88541780857695E-017,7.5278124769427E-017,7.15180838684946E-017,6.76489985145064E-017,6.37343151407563E-017,5.98269752361843E-017,5.59704608844517E-017,5.21998428778083E-017,4.85427963983319E-017,4.50205613889695E-017,4.16488337180788E-017,3.84385798005632E-017,3.53967720452958E-017,3.25270457970287E-017,2.98302806774657E-017,2.73051106731925E-017
3.18261153855427E-018,6.89644097291788E-018,1.11881127908154E-017,1.61020683351641E-017,2.1678359353314E-017,2.79497548253853E-017,3.4937992122207E-017,4.26489661279804E-017,5.10666047780134E-017,6.01451249744968E-017,6.9799297232157E-017,7.98922685105103E-017,9.02203979513722E-017,9.10906260886558E-017,9.09051045250596E-017,8.98181858011564E-017,8.79782973779325E-017,8.55241781824009E-017,8.25826682731879E-017,7.92676237194577E-017,7.56796303940016E-017,7.19062696449331E-017,6.80227504200926E-017,6.4092770109819E-017,6.01695031188618E-017,5.62966443369637E-017,5.25094561209412E-017,4.88357836094844E-017,4.52970153346988E-017,4.19089750926448E-017,3.868273761313E-017,3.56253652942773E-017,3.27405665836349E-017,3.00292788403181E-017,2.74901799701477E-017
3.20866289908063E-018,6.95078783683196E-018,1.12728771805516E-017,1.62191901323531E-017,2.18295311122537E-017,2.81363535311908E-017,3.51610112381023E-017,4.29089529311831E-017,5.13636101780765E-017,6.0478675889366E-017,7.01684053493957E-017,8.02954941124225E-017,9.06559937158091E-017,9.15312861415707E-017,9.13477330651997E-017,9.02598545973418E-017,8.84162895345251E-017,8.59560207991721E-017,8.300615410383E-017,7.96808227160681E-017,7.60808924441837E-017,7.22942199822404E-017,6.83962792029184E-017,6.44510175794303E-017,6.0511841606779E-017,5.66226582245679E-017,5.28189206795638E-017,4.91286434797848E-017,4.5573363247363E-017,4.21690312923598E-017,3.89268303260609E-017,3.58539124759853E-017,3.29540590986243E-017,3.02282651547364E-017,2.76752523838084E-017
3.23480295948033E-018,7.00530244800149E-018,1.13578763208257E-017,1.63365993363297E-017,2.19810264794075E-017,2.83232937986682E-017,3.53843702690863E-017,4.31692576146663E-017,5.16608909135216E-017,6.08124396857655E-017,7.05376452833635E-017,8.06987536883985E-017,9.10915108306585E-017,9.19718220158867E-017,9.17901978587244E-017,9.07013272091998E-017,8.88540607246232E-017,8.63876253455195E-017,8.34293920888872E-017,8.00937708127402E-017,7.64819064893677E-017,7.26819303000739E-017,6.87695801556749E-017,6.48090527416628E-017,6.08539858201134E-017,5.69484976255074E-017,5.31282316201616E-017,4.94213710934784E-017,4.5849600257106E-017,4.24289975194667E-017,3.91708532375492E-017,3.60824090057893E-017,3.31675188929884E-017,3.04272353229427E-017,2.78603237804263E-017
3.26103153821379E-018,7.05998437647002E-018,1.14431094781328E-017,1.64542948697581E-017,2.21328440108123E-017,2.85105738137905E-017,3.56080670477926E-017,4.34298776940496E-017,5.19584442367761E-017,6.11464134206114E-017,7.09070139722177E-017,8.11020441387012E-017,9.15269462400597E-017,9.24122305221334E-017,9.22324955704214E-017,9.11426001413056E-017,8.92916072801331E-017,8.68189879730109E-017,8.38523781981767E-017,8.05064638028567E-017,7.68826681582893E-017,7.30693960800407E-017,6.91426486350624E-017,6.51668708540768E-017,6.11959309454178E-017,5.72741576847083E-017,5.34373840756585E-017,4.97139616004896E-017,4.61257215585268E-017,4.26888690390284E-017,3.94148017066196E-017,3.63108503576073E-017,3.33809415737457E-017,3.06261851004825E-017,2.80453900767423E-017
3.28734845447539E-018,7.11483319414799E-018,1.15285759223889E-017,1.65722756606905E-017,2.22849822702356E-017,2.86981917729131E-017,3.5832099420104E-017,4.36908107011787E-017,5.22562674194725E-017,6.14805941729173E-017,7.12765083789631E-017,8.15053623910356E-017,9.19622969180458E-017,9.28525085040154E-017,9.26746229018272E-017,9.15836699387888E-017,8.97289255774397E-017,8.72501048815972E-017,8.42751084536449E-017,8.09188975353871E-017,7.7283173138331E-017,7.34566128649723E-017,6.95154800610444E-017,6.55244672389625E-017,6.15376722348597E-017,5.75996336130249E-017,5.37463732446731E-017,5.00064102156984E-017,4.64017224099804E-017,4.29486411782589E-017,3.96586711524927E-017,3.65392320633063E-017,3.35943228033818E-017,3.08251102957044E-017,2.8230447239505E-017
3.31375352818937E-018,7.16984847480027E-018,1.16142749269049E-017,1.66905406425246E-017,2.24374398291128E-017,2.88861458826851E-017,3.60564652450372E-017,4.39520541839793E-017,5.25543577522721E-017,6.18149790435873E-017,7.16461254912141E-017,8.19087054002785E-017,9.23975598682389E-017,9.3292652838064E-017,9.31165765908311E-017,9.20245331868862E-017,9.01660120369051E-017,8.76809723190588E-017,8.46975789287634E-017,8.13310679142385E-017,7.76834171748344E-017,7.38435762582084E-017,6.98880699161106E-017,6.58818372825904E-017,6.18792050054687E-017,5.79249206864908E-017,5.40551943907838E-017,5.02987122182234E-017,4.66775981328862E-017,4.32083093258603E-017,3.99024570539559E-017,3.67675497121087E-017,3.38076582992928E-017,3.10240067692423E-017,2.84154912849932E-017
3.34024658000564E-018,7.22502979403386E-018,1.17002057683628E-017,1.68090887539622E-017,2.2590215266484E-017,2.90744343599626E-017,3.62811623946275E-017,4.42136057063145E-017,5.28527125446916E-017,6.21495651552118E-017,7.20158623209599E-017,8.23120701482121E-017,9.28327321235485E-017,9.37326604332945E-017,9.35583534112857E-017,9.24651865104994E-017,9.06028631223739E-017,8.81115865804584E-017,8.51197857479326E-017,8.17429708976155E-017,7.80833960704237E-017,7.423028192289E-017,7.02604137445487E-017,6.62389764344719E-017,6.22205246383924E-017,5.82500142455803E-017,5.43638428418006E-017,5.05908629507121E-017,4.69533441110418E-017,4.34678689313655E-017,4.01461549487379E-017,3.69957989500026E-017,3.40209438332329E-017,3.12228704335015E-017,2.86005182785405E-017
3.36682743129571E-018,7.28037672928564E-018,1.17863677267902E-017,1.69279189389678E-017,2.27433071689323E-017,2.92630554317223E-017,3.65061887538165E-017,4.44754628478422E-017,5.31513291249317E-017,6.24843496518665E-017,7.23857159043326E-017,8.27154536432597E-017,9.32678107458743E-017,9.41725282308677E-017,9.3999950172621E-017,9.29056265737604E-017,9.10394753406854E-017,8.85419440076009E-017,8.55417250858935E-017,8.21546024973876E-017,7.84831056843361E-017,7.46167255812613E-017,7.06325071517253E-017,6.65958802066268E-017,6.25616265781609E-017,5.85749096944763E-017,5.46723139890448E-017,5.08828578186394E-017,4.72289557899446E-017,4.3727315504488E-017,4.03897604328901E-017,3.72239754791572E-017,3.42341752307661E-017,3.14216972521483E-017,2.87855243340632E-017
3.39349590414852E-018,7.33588885981021E-018,1.18727600855364E-017,1.70470301467279E-017,2.28967141305226E-017,2.94520073349763E-017,3.673154222034E-017,4.47376232038756E-017,5.34502048397082E-017,6.28193296989129E-017,7.27556833013781E-017,8.31188529202264E-017,9.37027928258128E-017,9.46122532037554E-017,9.44413637194646E-017,9.33458500796E-017,9.14758452411912E-017,8.8972040988501E-017,8.5963393167146E-017,8.2565958778466E-017,7.88825419317608E-017,7.50029030139793E-017,7.10043458033751E-017,6.69525441728608E-017,6.29025063319601E-017,5.88996025003473E-017,5.49806032866372E-017,5.11746922896115E-017,4.75044286761192E-017,4.39866446144763E-017,4.06332691601721E-017,3.74520750573426E-017,3.44473483707226E-017,3.1620483239603E-017,2.89705056135907E-017
3.42025182136643E-018,7.39156576666785E-018,1.19593821312483E-017,1.71664213316102E-017,2.3050434752741E-017,2.96412883166884E-017,3.69572207046181E-017,4.50000843852448E-017,5.37493370540841E-017,6.31545024828024E-017,7.31257615958301E-017,8.35222650400416E-017,9.41376754823669E-017,9.50518323564108E-017,9.48825909312662E-017,9.37858537693244E-017,9.19119694152806E-017,8.94018739568573E-017,8.63847862653767E-017,8.29770358581865E-017,7.92817007831873E-017,7.53888100594333E-017,7.13759254248996E-017,6.73089639680514E-017,6.32431594689125E-017,5.92240881926319E-017,5.52887062507928E-017,5.14663618926785E-017,4.77797583364514E-017,4.42458518894752E-017,4.08766768414441E-017,3.76800934973552E-017,3.46604591846582E-017,3.18192244605362E-017,2.91554583267995E-017
3.4470950064611E-018,7.4474070327126E-018,1.20462331538461E-017,1.72860914531245E-017,2.32044676444349E-017,2.98308966336907E-017,3.71832221296457E-017,4.52628440181605E-017,5.40487231513053E-017,6.34898652108822E-017,7.34959478948867E-017,8.39256870895058E-017,9.45724558626608E-017,9.54912627244422E-017,9.53236287219274E-017,9.42256344221959E-017,9.23478444959106E-017,8.9831439391533E-017,8.68059007028919E-017,8.33878299057025E-017,7.96805782637611E-017,7.57744426130718E-017,7.1747241800673E-017,6.76651352874415E-017,6.35835816193673E-017,5.95483623623316E-017,5.55966184591234E-017,5.17578622176534E-017,4.80549403975296E-017,4.45049330158928E-017,4.1119979244063E-017,3.79080266664465E-017,3.48735036563192E-017,3.20179170293695E-017,2.93403787305496E-017
3.47402528364948E-018,7.50341224258035E-018,1.21333124465001E-017,1.74060394758823E-017,2.3358811421754E-017,3.00208305526015E-017,3.74095444308857E-017,4.55258997440788E-017,5.43483605326372E-017,6.38254151112035E-017,7.38662393289901E-017,8.43291161810397E-017,9.50071311416562E-017,9.59305413742918E-017,9.57644740394352E-017,9.4665188855019E-017,9.27834671571428E-017,9.02607338160439E-017,8.72267328500596E-017,8.37983371413837E-017,8.00791704526477E-017,7.61597966267384E-017,7.21182907733576E-017,6.8021053885942E-017,6.39237684741974E-017,5.9872420661311E-017,5.59043355499483E-017,5.20491889144376E-017,4.83299705449913E-017,4.47638837377734E-017,4.13631721912848E-017,3.81358704857576E-017,3.50864778211098E-017,3.22165571097784E-017,2.95252631284242E-017
3.50104247784976E-018,7.55958098267711E-018,1.22206193056069E-017,1.7526264369558E-017,2.35134647080915E-017,3.02110883497444E-017,3.76361855561621E-017,4.57892492195684E-017,5.4648246617204E-017,6.41611494323327E-017,7.42366330516085E-017,8.47325494524372E-017,9.54416985218741E-017,9.63696654029178E-017,9.62051238655021E-017,9.51045139217321E-017,9.32188341136867E-017,9.06897537980526E-017,8.7647279124758E-017,8.42085538362239E-017,8.04774734824042E-017,7.65448681080152E-017,7.2489068243227E-017,6.83767155774422E-017,6.42637157841057E-017,6.01962588016063E-017,5.62118532216111E-017,5.23403376923541E-017,4.8604844522877E-017,4.50226998561761E-017,4.16062515616722E-017,3.83636209297584E-017,3.52993777655655E-017,3.24151409142003E-017,2.97101078702728E-017
3.52814641467736E-018,7.61591284116732E-018,1.23081530307664E-017,1.76467651088506E-017,2.36684261340268E-017,3.04016683110681E-017,3.7863143465555E-017,4.6052890116179E-017,5.49483788418295E-017,6.44970654431644E-017,7.46071262390218E-017,8.51359840666211E-017,9.58761552331188E-017,9.68086319374811E-017,9.66455752152082E-017,9.5543606513005E-017,9.36539421204475E-017,9.11184959488695E-017,8.80675359918309E-017,8.46184763112557E-017,8.08754835383602E-017,7.69296531195753E-017,7.28595701674976E-017,6.87321162341288E-017,6.46034193589383E-017,6.05198725547408E-017,5.65191672318047E-017,5.26313043194876E-017,4.88795581329903E-017,4.52813772285594E-017,4.18492132885071E-017,3.85912740256913E-017,3.55121996268296E-017,3.26136647033451E-017,2.98949093517566E-017
3.55533692044098E-018,7.67240740796225E-018,1.23959129247585E-017,1.77675406734448E-017,2.38236943372677E-017,3.05925687320669E-017,3.80904161312974E-017,4.6316820120311E-017,5.52487546608803E-017,6.48331604327371E-017,7.49777160901083E-017,8.55394172114017E-017,9.63104985322063E-017,9.72474381350352E-017,9.70858251366504E-017,9.59824635558405E-017,9.40887879720814E-017,9.15469569229596E-017,8.84874999625503E-017,8.50281009369726E-017,8.12731968580045E-017,7.7314147778542E-017,7.32297925596676E-017,6.90872517858124E-017,6.4942875067006E-017,6.08432577510485E-017,5.68262733969039E-017,5.29220846220303E-017,4.91541072342637E-017,4.55399117681716E-017,4.20920533592092E-017,3.88188258530192E-017,3.57249395921335E-017,3.28121247857097E-017,3.00796640138976E-017
3.58261382213858E-018,7.72906427470855E-018,1.24838982935207E-017,1.78885900479736E-017,2.39792679625945E-017,3.07837879177027E-017,3.83180015376722E-017,4.65810369330879E-017,5.55493715461106E-017,6.51694317100505E-017,7.53483998261354E-017,8.59428460992384E-017,9.67447257026951E-017,9.76860811822211E-017,9.75258707105943E-017,9.64210820131815E-017,9.45233685025552E-017,9.19751334174571E-017,8.89071675940861E-017,8.5437424132759E-017,8.1670609730381E-017,7.76983482558571E-017,7.35997314888652E-017,6.94421182192622E-017,6.52820788344141E-017,6.11664102790053E-017,5.71331675913038E-017,5.32126744836361E-017,4.94284877421319E-017,4.57982994434474E-017,4.23347678147585E-017,3.90462725428793E-017,3.59375938982822E-017,3.30105175170966E-017,3.02643683426309E-017
3.60997694745348E-018,7.78588303477683E-018,1.25721084461252E-017,1.80099122219806E-017,2.41351456618035E-017,3.09753241823276E-017,3.85458976809109E-017,4.68455382702288E-017,5.58502269865091E-017,6.55058766038862E-017,7.57191746905526E-017,8.63462679670048E-017,9.7178834054621E-017,9.81245582949645E-017,9.79657090501309E-017,9.68594588835234E-017,9.49576805847122E-017,9.24030221716838E-017,8.93265354889819E-017,8.58464423663262E-017,8.20677184954912E-017,7.80822507756562E-017,7.39693830792031E-017,6.97967115775483E-017,6.56210266443985E-017,6.14893260845669E-017,5.74398457467666E-017,5.350306984478E-017,4.97026956279103E-017,4.60565362774091E-017,4.25773527491247E-017,3.92736102775404E-017,3.61501588311434E-017,3.32088393001352E-017,3.04490188683598E-017
3.6374261247504E-018,7.84286328325034E-018,1.26605426947568E-017,1.81315061898828E-017,2.42913260936521E-017,3.11671758496071E-017,3.8774102569094E-017,4.71103218619235E-017,5.61513184881477E-017,6.58424924626293E-017,7.60900379487864E-017,8.67496800757558E-017,9.7612820924235E-017,9.85628667181784E-017,9.84053373003382E-017,9.72975912005312E-017,9.53917211298437E-017,9.28306199666762E-017,8.97456002946384E-017,8.62551521531571E-017,8.24645195437047E-017,7.84658516146517E-017,7.43387435091424E-017,7.01510279593922E-017,6.59597145366709E-017,6.18120011705149E-017,5.77463038517748E-017,5.37932667021253E-017,4.99767269181801E-017,4.6314618347075E-017,4.28198043087003E-017,3.9500835289866E-017,3.6362630725141E-017,3.34070865838077E-017,3.06336121655141E-017
3.66496118307157E-018,7.90000461691377E-018,1.27492003546906E-017,1.82533709509342E-017,2.44478079238041E-017,3.13593412524449E-017,3.90026142220516E-017,4.73753854527088E-017,5.64526435740317E-017,6.61792766540929E-017,7.64609868880382E-017,8.71530797104981E-017,9.80466836737444E-017,9.90010037254679E-017,9.88447526379463E-017,9.77354760326611E-017,9.58254870872656E-017,9.32579236247169E-017,9.01643587028023E-017,8.66635500559566E-017,8.28610093151768E-017,7.88491471015237E-017,7.47078090108623E-017,7.05050635185244E-017,6.62981386067707E-017,6.213443159581E-017,5.80525379508917E-017,5.40832611078966E-017,5.02505776941794E-017,4.65725417828724E-017,4.306211869174E-017,3.97279438627811E-017,3.65750059627525E-017,3.36052558629782E-017,3.08181448521118E-017
3.69258195213283E-018,7.95730663424208E-018,1.28380807442699E-017,1.83755055091895E-017,2.46045898247754E-017,3.15518187329079E-017,3.9231430671266E-017,4.76407268013459E-017,5.67541997839525E-017,6.65162265653449E-017,7.68320188170847E-017,8.75564641799632E-017,9.84804196910571E-017,9.943896661884E-017,9.92839522710067E-017,9.81731104827874E-017,9.62589754439005E-017,9.36849300088725E-017,9.05828074490626E-017,8.7071632684109E-017,8.32571842992735E-017,7.92321336163182E-017,7.50765758696395E-017,7.08588144630499E-017,6.66362950054241E-017,6.24566134749517E-017,5.83585441441285E-017,5.43730491692596E-017,5.05242440912009E-017,4.68303027680567E-017,4.33042921478045E-017,3.99549323287445E-017,3.67872809740105E-017,3.38033436779256E-017,3.10026135893242E-017
3.72028826231979E-018,8.01476893538954E-018,1.29271831848849E-017,1.84979088734678E-017,2.47616704758811E-017,3.17446066421525E-017,3.94605499597751E-017,4.79063436807001E-017,5.70559846743416E-017,6.6853339602536E-017,7.72031310660806E-017,8.79598308163838E-017,9.89140263895288E-017,9.98767527284154E-017,9.97229334385667E-017,9.86104916878336E-017,9.66921832238651E-017,9.41116360225374E-017,9.10009433123524E-017,8.74793966931438E-017,8.36530410340033E-017,7.96148075898526E-017,7.54450404232329E-017,7.1212277054821E-017,6.69741799379114E-017,6.27785429773462E-017,5.86643185863185E-017,5.46626270477079E-017,5.0797722297995E-017,4.70878975381361E-017,4.35463209772101E-017,4.0181797069225E-017,3.69994522360092E-017,3.40013466138803E-017,3.11870150810432E-017
3.74807994468396E-018,8.07239112217868E-018,1.3016507000951E-017,1.86205800573173E-017,2.49190485631819E-017,3.19377033403513E-017,3.96899701420768E-017,4.8172233877621E-017,5.73579958181263E-017,6.71906131907308E-017,7.75743209863632E-017,8.83631769752715E-017,9.93475012077139E-017,1.00314359412146E-016,1.00161693410346E-016,9.90476168184087E-017,9.71251074880627E-017,9.45380386089837E-017,9.14187631144579E-017,8.78868387842054E-017,8.40485761054563E-017,7.99971655031285E-017,7.58131990612772E-017,7.15654476088172E-017,6.73117896634409E-017,6.31002163266805E-017,5.89698574864977E-017,5.4951990958455E-017,5.10710085561796E-017,4.73453223803019E-017,4.37882015304831E-017,4.04085345141831E-017,3.7211516272414E-017,3.4199261300564E-017,3.13713460734536E-017
3.77595683093894E-018,8.13017279808948E-018,1.31060515198872E-017,1.87435180789801E-017,2.50767227794323E-017,3.21311071966214E-017,3.99196892840349E-017,4.84383951928247E-017,5.76602308045873E-017,6.75280447737404E-017,7.79455859502605E-017,8.87665000351989E-017,9.97808416091183E-017,1.00751784055532E-016,1.0060022948642E-016,9.94844830784472E-017,9.75577453337814E-017,9.49641347509153E-017,9.18362637195327E-017,8.82939557035321E-017,8.44437861472501E-017,8.03792038867513E-017,7.61810482246831E-017,7.19183224925332E-017,6.76491204945298E-017,6.34216298003043E-017,5.92751571072929E-017,5.52411371698344E-017,5.13440991596552E-017,4.76025736328643E-017,4.40299302078189E-017,4.06351411415566E-017,3.74234696529758E-017,3.43970844117343E-017,3.15556033546064E-017
3.80391875345661E-018,8.18811356824858E-018,1.31958160720953E-017,1.88667219613575E-017,2.52346918240287E-017,3.23248165889524E-017,4.01497054627858E-017,4.87048254407773E-017,5.79626872392181E-017,6.78656318139567E-017,7.83169233509001E-017,8.91697973975831E-017,1.00214045081957E-016,1.0118902407135E-016,1.01038538996903E-016,9.99210877048544E-017,9.79900938942958E-017,9.53899214700299E-017,9.22534420336188E-017,8.87007442419399E-017,8.48386678399826E-017,8.07609193203577E-017,7.6548584405045E-017,7.2270898125373E-017,6.79861687963931E-017,6.37427797286175E-017,5.95802137643152E-017,5.55300620027039E-017,5.16169904540263E-017,4.78596476846934E-017,4.42715034585471E-017,4.08616134767512E-017,3.76353089930496E-017,3.45948126647318E-017,3.17397837539975E-017
3.83196554526336E-018,8.2462130394186E-018,1.32857999909391E-017,1.89901907319752E-017,2.53929544029586E-017,3.25188299041364E-017,4.03800167666464E-017,4.89715224495795E-017,5.82653627435855E-017,6.82033717921892E-017,7.86883306020218E-017,8.95730664864721E-017,1.00647109138911E-016,1.01626076899372E-016,1.01476619301641E-016,1.00357427967156E-016,9.84221503384759E-017,9.58153958265845E-017,9.26702950041731E-017,8.91072012343137E-017,8.52332179106919E-017,8.11423084320492E-017,7.69158041440551E-017,7.26231709780519E-017,6.83229309863382E-017,6.40636624944662E-017,5.98850238255614E-017,5.58187618298584E-017,5.1889678836029E-017,4.81165409746665E-017,4.45129177806008E-017,4.10879480921354E-017,3.78470309531168E-017,3.47924428200318E-017,3.19238841421481E-017
3.86009704003632E-018,8.30447081998748E-018,1.33760026127233E-017,1.91139234229494E-017,2.55515092287495E-017,3.27131455376979E-017,4.06106212950227E-017,4.92384840608533E-017,5.85682549551928E-017,6.85412622075039E-017,7.90598051377912E-017,8.99763047483338E-017,1.01080031316894E-016,1.02062940006104E-016,1.01914467789902E-016,1.00793501167151E-016,9.88539118703987E-017,9.6240554918967E-017,9.30868196196004E-017,8.95133235591036E-017,8.56274331323218E-017,8.15233678978334E-017,7.72827040329256E-017,7.29751375720051E-017,6.8659403533168E-017,6.43842745325439E-017,6.0189583710821E-017,5.61072330754471E-017,5.21621607529638E-017,4.83732499911201E-017,4.47541697199916E-017,4.13141416065404E-017,3.80586322383118E-017,3.49899716807989E-017,3.21079014301892E-017
3.88831307209961E-018,8.36288651995803E-018,1.3466423276673E-017,1.92379190709532E-017,2.57103550204189E-017,3.29077618938249E-017,4.08415171583205E-017,4.95057081296288E-017,5.88713615273433E-017,6.88793005770631E-017,7.94313444126163E-017,9.03795096518476E-017,1.01512809176814E-016,1.02499610884512E-016,1.02352081880072E-016,1.0122930463857E-016,9.92853757289664E-017,9.66653958832738E-017,9.35030129087915E-017,8.99191081378292E-017,8.60213103231949E-017,8.19040944410709E-017,7.76492807118168E-017,7.33267944788035E-017,6.8995582956589E-017,6.47046123288005E-017,6.04938898910899E-017,5.63954722143976E-017,5.24344327021344E-017,4.86297712713075E-017,4.49952558702889E-017,4.15401906847644E-017,3.8270109597953E-017,3.51873960924463E-017,3.2291832569449E-017
3.91661347642065E-018,8.42145975093744E-018,1.35570613249139E-017,1.93621767171827E-017,2.58694905034255E-017,3.31026773853006E-017,4.10727024778555E-017,4.97731925242332E-017,5.91746801290068E-017,6.92174844359681E-017,7.98029459009662E-017,9.07826786876984E-017,1.0194544030334E-016,1.02936087053759E-016,1.02789459019362E-016,1.01664835746738E-016,9.97165391875277E-017,9.70899158928915E-017,9.39188719406681E-017,9.03245519345885E-017,8.6414846346492E-017,8.22844848319303E-017,7.80155308692723E-017,7.3678138319576E-017,6.9331465826628E-017,6.50246724198576E-017,6.07979388879909E-017,5.66834757718465E-017,5.27064912302929E-017,4.88861014008619E-017,4.52361728721044E-017,4.17660920370808E-017,3.84814598250776E-017,3.53847129421976E-017,3.24756745510435E-017
3.94499808860645E-018,8.48019012612694E-018,1.36479161024515E-017,1.94866954073244E-017,2.60289144096193E-017,3.32978904334364E-017,4.13041753857662E-017,5.00409351261812E-017,5.9478208444686E-017,6.95558113371032E-017,8.01746070971914E-017,9.11858093683725E-017,1.02377922304677E-016,1.0337236605895E-016,1.03226596683505E-016,1.02100091888241E-016,1.00147399553505E-016,9.75141121580846E-017,9.43343938237315E-017,9.07296519555733E-017,8.68080381097371E-017,8.26645358868483E-017,7.83814512416611E-017,7.40291657644386E-017,6.96670487630543E-017,6.53444513924298E-017,6.11017272731995E-017,5.6971240322575E-017,5.29783329330895E-017,4.91422370132648E-017,4.54769174125823E-017,4.19918424187524E-017,3.86926797559804E-017,3.55819191586532E-017,3.26594244054708E-017
3.97346674489992E-018,8.53907726031152E-018,1.37389869571516E-017,1.96114741915224E-017,2.61886254771937E-017,3.34933994680045E-017,4.15359340249263E-017,5.03089338300661E-017,5.9781944174286E-017,6.9894278850982E-017,8.05463255153464E-017,9.15888992279571E-017,1.02810252812338E-016,1.03808445470868E-016,1.03663492376467E-016,1.02535070490593E-016,1.00577954168027E-016,9.79379819255879E-017,9.47495757056192E-017,9.1134405248591E-017,8.72008825642898E-017,8.3044244467998E-017,7.87470386126267E-017,7.43798735319308E-017,7.00023284348088E-017,6.56639458827531E-017,6.14052516678774E-017,5.72587624904517E-017,5.3249954454529E-017,4.93981747893196E-017,4.57174862248931E-017,4.22174386295482E-017,3.89037662697572E-017,3.57790117113599E-017,3.28430792022082E-017
4.00201928217624E-018,8.59812076984979E-018,1.383027323972E-017,1.97365121243457E-017,2.63486224506375E-017,3.36892029271726E-017,4.17679765488589E-017,5.05771865434524E-017,6.00858850329848E-017,7.02328845655945E-017,8.09180986890152E-017,9.19919458219406E-017,1.03242429480917E-016,1.04244322885724E-016,1.0410014363016E-016,1.02969769011916E-016,1.01008200405562E-016,9.83615224782045E-017,9.51644147726653E-017,9.15388089025919E-017,8.75933767048429E-017,8.34236074827619E-017,7.91122898125414E-017,7.47302583884576E-017,7.03373015594396E-017,6.59831525760197E-017,6.17085087421107E-017,5.75460389478799E-017,5.3521352486432E-017,4.96539114566304E-017,4.59578760877332E-017,4.24428775132665E-017,3.91147162878516E-017,3.59759876103843E-017,3.30266360493128E-017
4.03065553793923E-018,8.65732027266376E-018,1.39217743036838E-017,1.98618082647564E-017,2.65089040806875E-017,3.3885299257438E-017,4.20003011216517E-017,5.08456911867695E-017,6.03900287511045E-017,7.05716260862572E-017,8.12899241711372E-017,9.23949467270168E-017,1.03674449987872E-016,1.04679995924901E-016,1.04536548004155E-016,1.03404184940613E-016,1.0143813567356E-016,9.87847311344076E-017,9.55789082494666E-017,9.1942860047202E-017,8.79855175689268E-017,8.38026218832123E-017,7.94772017179688E-017,7.50803171477385E-017,7.06719649025444E-017,6.63020682058188E-017,6.20114952143553E-017,5.78330664152525E-017,5.37925237679026E-017,4.99094437890865E-017,4.6198083824829E-017,4.2668155957261E-017,3.93255267736065E-017,3.61728439058901E-017,3.32100920930252E-017
4.0593753503177E-018,8.71667538822896E-018,1.4013489505371E-017,1.99873616760779E-017,2.66694691242815E-017,3.4081686913564E-017,4.22329059178728E-017,5.11144456932072E-017,6.06943730739854E-017,7.09105010354644E-017,8.16617995338368E-017,9.279789954089E-017,1.04106312033303E-016,1.05115462234711E-016,1.04972703085399E-016,1.03838315795054E-016,1.01867757412098E-016,9.92076052479487E-017,9.59930533984549E-017,9.23465558522627E-017,8.83773022364194E-017,8.41812846655979E-017,7.98417712511312E-017,7.54300466702635E-017,7.10063152772189E-017,6.66206895535836E-017,6.2314207850888E-017,5.81198416604107E-017,5.40634650848007E-017,5.01647686063513E-017,4.64381063044459E-017,4.28932708919725E-017,3.95361947318191E-017,3.63695776877182E-017,3.33934445173765E-017
4.08817855806191E-018,8.77618573756439E-018,1.41054182038921E-017,2.01131714259634E-017,2.68303163445119E-017,3.42783643585152E-017,4.24657891224872E-017,5.13834480086113E-017,6.09989157618602E-017,7.12495070527405E-017,8.20337223682536E-017,9.3200801882083E-017,1.04538013339738E-016,1.05550719486146E-016,1.05408606487938E-016,1.04272159123261E-016,1.02297063093527E-016,9.96301422074693E-017,9.64068475194732E-017,9.2749893527374E-017,8.87687278290627E-017,8.4559592869836E-017,8.02059953793844E-017,7.5779443862754E-017,7.13403495435118E-017,6.6939013448045E-017,6.26166434652634E-017,5.84063614981106E-017,5.43341732692203E-017,5.04198827733567E-017,4.66779404389021E-017,4.31182192904638E-017,3.97467172083002E-017,3.65661860849718E-017,3.35766905437991E-017
4.11706500053999E-018,8.83585094322268E-018,1.41975597611204E-017,2.02392365863647E-017,2.69914445105801E-017,3.44753300633949E-017,4.26989489307754E-017,5.16526960913815E-017,6.13036545897306E-017,7.15886417944953E-017,8.24056902843754E-017,9.36036513897478E-017,1.04969551651919E-016,1.05985765374638E-016,1.05844255852646E-016,1.04705712502596E-016,1.0272605022213E-016,1.00052339436118E-016,9.68202879493584E-017,9.3152870321446E-017,8.91597915099843E-017,8.49375435790111E-017,8.0569871114698E-017,7.61285056776314E-017,7.16740646078853E-017,6.72570367646909E-017,6.29187989177771E-017,5.86926227894938E-017,5.4604645198973E-017,5.06747831998031E-017,4.6917583184087E-017,4.33429981679601E-017,3.99570912894373E-017,3.67626662656037E-017,3.37598274307395E-017
4.14603451773436E-018,8.89567062928031E-018,1.42899135416735E-017,2.03655562335017E-017,2.71528523977506E-017,3.46725825073827E-017,4.29323835482516E-017,5.192218791237E-017,6.16085873472447E-017,7.19279029338799E-017,8.27777009108728E-017,9.40064457234772E-017,1.05400924736589E-016,1.06420597619814E-016,1.06279648846945E-016,1.05138973539457E-016,1.03154716333772E-016,1.00474194391172E-016,9.72333720615279E-017,9.35554835222535E-017,8.95504904832253E-017,8.53151339188803E-017,8.09333955131423E-017,7.64772291124912E-017,7.20074574226831E-017,6.7574756425232E-017,6.32206711149347E-017,5.89786224415642E-017,5.48748777970771E-017,5.09294668396635E-017,4.71570315389845E-017,4.35676045813933E-017,4.01673141017623E-017,3.69590154360082E-017,3.39428524732756E-017
4.17508695023824E-018,8.95564442132792E-018,1.43824789128948E-017,2.04921294478317E-017,2.73145387873062E-017,3.48701201776725E-017,4.31660911905832E-017,5.21919214547805E-017,6.19137118385762E-017,7.2267288160645E-017,8.31497518949359E-017,9.44091825631198E-017,1.05832130382286E-016,1.06855213965266E-016,1.06714783164544E-016,1.05571939868976E-016,1.03583058995569E-016,1.00895704563664E-016,9.76460972655726E-017,9.39577304559971E-017,8.99408219932738E-017,8.56923610573827E-017,8.12965656743808E-017,7.68256112095833E-017,7.23405249856032E-017,6.78921693970729E-017,6.35222570089262E-017,5.92643574066709E-017,5.5144868031252E-017,5.11839306906935E-017,4.7396282545201E-017,4.37920356289501E-017,4.03773828115222E-017,3.71552308406162E-017,3.41257630027367E-017
4.20422213925215E-018,9.01577194646064E-018,1.44752552448343E-017,2.06189553140192E-017,2.74765024665039E-017,3.50679415694117E-017,4.34000700835119E-017,5.24618947140701E-017,6.22190258823047E-017,7.26067951809998E-017,8.3521840902112E-017,9.48118596085966E-017,1.06263166399135E-016,1.07289612178313E-016,1.07149656525168E-016,1.06004609154717E-016,1.0401107580555E-016,1.01316867478012E-016,9.8058461006853E-017,9.43596084868696E-017,9.03307833246042E-017,8.60692222041567E-017,8.16593787411693E-017,7.71736490552986E-017,7.26732643391775E-017,6.82092726927902E-017,6.3823553597107E-017,5.95498246819963E-017,5.54146129134174E-017,5.14381717939454E-017,4.76353332864977E-017,4.40162884496258E-017,4.05872946242545E-017,3.73513097614939E-017,3.43085563863268E-017
4.2334399265804E-018,9.0760528332686E-018,1.4568241910231E-017,2.0746032920906E-017,2.76387422285304E-017,3.52660451856407E-017,4.36343184627745E-017,5.27321056978503E-017,6.25245273112971E-017,7.29464217174738E-017,8.38939656161467E-017,9.52144745797191E-017,1.06694030618646E-016,1.07723790049768E-016,1.07584266674301E-016,1.06436979088381E-016,1.04438764392328E-016,1.01737680691655E-016,9.84704607661023E-017,9.47611150166278E-017,9.07203718012213E-017,8.64457146100619E-017,8.20218318988604E-017,7.75213397796609E-017,7.30056725702569E-017,6.85260633696155E-017,6.41245579214838E-017,5.9835021309049E-017,5.56841094991983E-017,5.16921872332885E-017,4.78741808883278E-017,4.42403602227805E-017,4.07970467843663E-017,3.75472495179451E-017,3.44912300267507E-017
4.26274015462765E-018,9.13648671182737E-018,1.46614382844942E-017,2.08733613614817E-017,2.78012568724586E-017,3.5464429537233E-017,4.38688345740259E-017,5.30025524257906E-017,6.28302139725913E-017,7.32861655087792E-017,8.42661237388253E-017,9.56170252160108E-017,1.07124720893509E-016,1.08157745393713E-016,1.08018611382922E-016,1.06869047389517E-016,1.04866122414773E-016,1.02158141794694E-016,9.8882094059033E-017,9.51622474841685E-017,9.1109584786211E-017,8.6821835566707E-017,8.23839223749138E-017,7.78686805558256E-017,7.33377468095025E-017,6.88425385289243E-017,6.44252670682064E-017,6.01199443731635E-017,5.59533548874353E-017,5.19459741349328E-017,4.81128225173788E-017,4.44642481677014E-017,4.1006636574717E-017,3.77430474661175E-017,3.46737813618442E-017
4.29212266639546E-018,9.19707321368865E-018,1.47548437456857E-017,2.10009397328545E-017,2.7964045203205E-017,3.56630931428364E-017,4.41036166727611E-017,5.32732329295222E-017,6.31360837272801E-017,7.36260243096749E-017,8.46383129898165E-017,9.60195092765296E-017,1.07555235097399E-016,1.08591476047272E-016,1.08452688447252E-016,1.07300811805231E-016,1.05293147561692E-016,1.02578248409532E-016,9.92933584359479E-017,9.55630033651109E-017,9.14984196812954E-017,8.71975824059831E-017,8.27456474384129E-017,7.82156685995835E-017,7.3669484230883E-017,6.91586953157313E-017,6.47256781670655E-017,6.04045910030039E-017,5.6222346219699E-017,5.21995296669584E-017,4.8351255381118E-017,4.46879495431677E-017,4.12160613162057E-017,3.79387009986113E-017,3.48562078642068E-017
4.32158730547891E-018,9.25781197187086E-018,1.4848457674502E-017,2.11287671362219E-017,2.81271060314865E-017,3.58620345288144E-017,4.43386630242404E-017,5.35441452525435E-017,6.34421344503969E-017,7.39659958908326E-017,8.50105311065185E-017,9.64219245396927E-017,1.07985571124775E-016,1.09024979870384E-016,1.08886495688502E-016,1.07732270109899E-016,1.05719837551507E-016,1.02997998190529E-016,9.97042514813574E-017,9.59633801713834E-017,9.18868739263939E-017,8.75729524996031E-017,8.31070043995869E-017,7.8562301168871E-017,7.40008820511766E-017,6.94745309181909E-017,6.50257883909953E-017,6.06889583700741E-017,5.64910806798109E-017,5.24528510388502E-017,4.85894767273438E-017,4.49114616470213E-017,4.14253183673613E-017,3.81342075440931E-017,3.50385070408378E-017
4.35113391606313E-018,9.31870262085E-018,1.49422794542564E-017,2.12568426768421E-017,2.82904381737783E-017,3.60612522291882E-017,4.45739719034133E-017,5.38152874501262E-017,6.37483640308024E-017,7.43060780387036E-017,8.53827758439057E-017,9.68242688031028E-017,1.08415726890687E-016,1.09458254745588E-016,1.09320030952616E-016,1.08163420104891E-016,1.06146190131944E-016,1.03417388823647E-016,1.001147708136E-016,9.6363375450815E-017,9.22749449991892E-017,8.7947943258646E-017,8.34679906093376E-017,7.89085755632851E-017,7.43319375294805E-017,6.9790042567103E-017,6.53255949555823E-017,6.09730436882326E-017,5.67595554933685E-017,5.2705935501036E-017,4.88274838437411E-017,4.51347818157401E-017,4.16344051239377E-017,3.83295645669116E-017,3.52206764327756E-017
4.38076234291999E-018,9.37974479655037E-018,1.50363084708618E-017,2.13851654640058E-017,2.84540404522723E-017,3.62607447855797E-017,4.48095415948446E-017,5.40866575892225E-017,6.40547703710734E-017,7.4646268555388E-017,8.57550449743777E-017,9.72265398833776E-017,1.08845700330586E-016,1.09891298577798E-016,1.09753292110033E-016,1.08594259618286E-016,1.06572203079718E-016,1.03836418026111E-016,1.00524914084467E-016,9.67629867867325E-017,9.26626304146984E-017,8.83225521331068E-017,8.38286034587735E-017,7.9254489123605E-017,7.46626479667238E-017,7.0105227535425E-017,6.56250951185786E-017,6.12568442132125E-017,5.70277679272754E-017,5.29587803444307E-017,4.90652740574407E-017,4.53579074240167E-017,4.18433190185117E-017,3.85247695667182E-017,3.54027136147403E-017
4.41047243140474E-018,9.44093813633552E-018,1.51305441128128E-017,2.15137346110076E-017,2.86179116948358E-017,3.64605107471545E-017,4.50453703926404E-017,5.43582537483732E-017,6.43613513873913E-017,7.49865652585043E-017,8.61273362876103E-017,9.762873561598E-017,1.09275489400129E-016,1.10324109294093E-016,1.10186277055437E-016,1.09024786504602E-016,1.0699787420023E-016,1.0425508354607E-016,1.00934678978834E-016,9.71622117975619E-017,9.304992772485E-017,8.86967766114521E-017,8.41888403787477E-017,7.96000392313185E-017,7.49930107051879E-017,7.04200831377886E-017,6.59242861794217E-017,6.15403572421471E-017,5.72957152892766E-017,5.32113828999843E-017,4.93028447345837E-017,4.55808358843403E-017,4.20520575200855E-017,3.871982007809E-017,3.55846161947792E-017
4.44026402745262E-018,9.50228227899924E-018,1.52249857711692E-017,2.16425492351185E-017,2.87820507349703E-017,3.66605486705665E-017,4.52814566003756E-017,5.46300740176173E-017,6.46681050094335E-017,7.53269659810612E-017,8.64996475904071E-017,9.80308538550501E-017,1.09705092074994E-016,1.10756684843499E-016,1.10618983707515E-016,1.09454998644521E-016,1.07423201327262E-016,1.04673383162261E-016,1.01344063214295E-016,9.75610481364344E-017,9.34368345180646E-017,8.90706142201802E-017,8.45486988394021E-017,7.99452233081541E-017,7.53230231280312E-017,7.0734606730023E-017,6.62231654787588E-017,6.18235801131002E-017,5.75633949274987E-017,5.34637405382351E-017,4.95401932798902E-017,4.58035646465835E-017,4.22606181336926E-017,3.89147136701568E-017,3.57663818139154E-017
4.47013697757564E-018,9.56377686475657E-018,1.53196328395384E-017,2.17716084575582E-017,2.89464564117711E-017,3.68608571199018E-017,4.55177985310218E-017,5.49021164984018E-017,6.49750291802646E-017,7.56674685713309E-017,8.6871976706554E-017,9.84328924732406E-017,1.10134506350692E-016,1.11189023196782E-016,1.11051410008722E-016,1.09884893944621E-016,1.07848182322676E-016,1.05091314683676E-016,1.017530645408E-016,9.7959493490798E-017,9.38233484188417E-017,8.94440625233868E-017,8.4908176349717E-017,8.02900388156189E-017,7.56526826588195E-017,7.10487957086821E-017,6.65217303979762E-017,6.21065102046019E-017,5.78308042299949E-017,5.3715850668867E-017,4.97773171362317E-017,4.60260911975922E-017,4.24689984000076E-017,3.91094479462318E-017,3.59480081458002E-017
4.50009112885919E-018,9.62542153523494E-018,1.54144847140586E-017,2.19009114034675E-017,2.91111275698875E-017,3.70614346666242E-017,4.57543945068761E-017,5.51743793034933E-017,6.52821218562295E-017,7.60080708927227E-017,8.72443214766744E-017,9.88348493615518E-017,1.10563730242385E-016,1.11621122346236E-016,1.11483553925041E-016,1.1031447033711E-016,1.08272815076118E-016,1.05508875949238E-016,1.02161680740299E-016,9.83575455820325E-017,9.42094670873511E-017,8.98171191223362E-017,8.52672704570652E-017,8.06344832545414E-017,7.5981986761062E-017,7.13626475105783E-017,6.68199783587348E-017,6.2389144935189E-017,5.80979406242947E-017,5.39677107402722E-017,5.0014213784209E-017,4.62484130607805E-017,4.26771958949595E-017,3.9304020543445E-017,3.61294928963676E-017
4.53012632895887E-018,9.68721593346536E-018,1.55095407933824E-017,2.20304572018815E-017,2.92760630594825E-017,3.72622798895209E-017,4.59912428594902E-017,5.54468605568899E-017,6.55893810068478E-017,7.63487708236595E-017,8.76166797580862E-017,9.92367224291703E-017,1.10992761784703E-016,1.12052980305477E-016,1.11915413445753E-016,1.10743725779566E-016,1.08697097504726E-016,1.05926064827475E-016,1.02569909626389E-016,9.87552021650705E-017,9.45951882190291E-017,9.0189781655037E-017,8.56259787467724E-017,8.09785541646195E-017,7.63109329377524E-017,7.16761596123205E-017,6.71179068225097E-017,6.26714817629506E-017,5.83648015769586E-017,5.42193182391172E-017,5.0250880741733E-017,4.64705277957293E-017,4.2885208229349E-017,3.94984291323804E-017,3.63108338034927E-017
4.56024242609717E-018,9.74915970387365E-018,1.56048004786597E-017,2.21602449857029E-017,2.94412617361942E-017,3.74633913746486E-017,4.62283419296015E-017,5.57195583937344E-017,6.58968046147088E-017,7.66895662574542E-017,8.79890494246607E-017,9.96385096033083E-017,1.11421599031562E-016,1.12484595109243E-016,1.12346986583203E-016,1.11172658254674E-016,1.09121027552839E-016,1.06342879216202E-016,1.02977749043967E-016,9.91524610280213E-017,9.49805095441791E-017,9.05620477958231E-017,8.59842988416816E-017,8.13222491239739E-017,7.66395187309151E-017,7.19893295298582E-017,6.74155132901356E-017,6.29535181850785E-017,5.86313845931374E-017,5.44706706899148E-017,5.0487315563611E-017,4.6692432997788E-017,4.30930330484693E-017,3.9692671416717E-017,3.64920286366532E-017
4.59043926906025E-018,9.81125249227182E-018,1.57002631735215E-017,2.2290273891675E-017,2.96067224610966E-017,3.76647677152805E-017,4.64656900670631E-017,5.59924709602283E-017,6.62043906753679E-017,7.70304551021888E-017,8.83614283666824E-017,1.00040208829046E-016,1.11850240055991E-016,1.12915964813187E-016,1.12778271372575E-016,1.11601265769971E-016,1.09544603191712E-016,1.06759317042206E-016,1.03385196868882E-016,9.95493199918007E-017,9.53654288275779E-017,9.09339152549392E-017,8.63422284017236E-017,8.16655657487071E-017,7.6967741721157E-017,7.230215481803E-017,6.77127953013568E-017,6.32352517374228E-017,5.88976872161361E-017,5.47217656545991E-017,5.07235158411365E-017,4.69141262976815E-017,4.33006680317307E-017,3.98867451328722E-017,3.6673075196593E-017
4.62071670719478E-018,9.87349394584945E-018,1.57959282840639E-017,2.24205430603558E-017,2.9772444100661E-017,3.78664075118537E-017,4.67032856307763E-017,5.62655964135467E-017,6.65121371972441E-017,7.73714352805935E-017,8.87338144907108E-017,1.00441818069172E-016,1.1227868294995E-016,1.13347087493679E-016,1.13209265871665E-016,1.12029546357592E-016,1.09967822419233E-016,1.07175376260929E-016,1.03792251007599E-016,9.99457769097645E-017,9.57499438680854E-017,9.13053817781318E-017,8.66997651234917E-017,8.20085016924667E-017,7.72955995272235E-017,7.26146330701174E-017,6.80097504343824E-017,6.35166799940518E-017,5.91637070269827E-017,5.49726007321059E-017,5.09594792016829E-017,4.71356053611205E-017,4.35081108922885E-017,4.00806480496496E-017,3.68539713149904E-017
4.65107459040471E-018,9.93588371316513E-018,1.58917952188313E-017,2.25510516360916E-017,2.9938425526718E-017,3.8068309371917E-017,4.69411269886225E-017,5.65389329217544E-017,6.68200422015187E-017,7.77125047299279E-017,8.91062057194439E-017,1.00843335304034E-016,1.12706925824163E-016,1.13777961247614E-016,1.13639968160658E-016,1.12457498074022E-016,1.10390683259643E-016,1.07591054856168E-016,1.04198909396861E-016,1.00341829667346E-016,9.61340524982603E-017,9.16764451462449E-017,8.70569067398218E-017,8.23510546460138E-017,7.7623089805561E-017,7.29267619174038E-017,6.83063763054462E-017,6.3797800566817E-017,5.94294416440013E-017,5.52231735579574E-017,5.11952033083024E-017,4.73568678884151E-017,4.37153593766752E-017,4.02743779678893E-017,3.7034714854128E-017
4.68151276914811E-018,9.99842144413804E-018,1.5987863388801E-017,2.26817987669917E-017,3.01046656164199E-017,3.82704719100794E-017,4.71792125173968E-017,5.68124786637221E-017,6.7128103722035E-017,7.80536614018634E-017,8.94785999915822E-017,1.01244758531377E-016,1.13134966807939E-016,1.14208584192209E-016,1.14070376341909E-016,1.12885118999843E-016,1.10813183763262E-016,1.08006350839761E-016,1.04605170003355E-016,1.00737476181699E-016,9.65177525839788E-017,9.20471031748195E-017,8.74136510193775E-017,8.26932223367975E-017,7.79502102498828E-017,7.32385390287384E-017,6.86026705683718E-017,6.4078611104923E-017,5.96948887223899E-017,5.54734818038505E-017,5.14306858593279E-017,4.75779116140935E-017,4.39224112644353E-017,4.04679327201219E-017,3.72153037065664E-017
4.71203109443405E-018,1.00611067900395E-017,1.6084132207367E-017,2.28127836049024E-017,3.02711632522033E-017,3.84728937479594E-017,4.74175406027415E-017,5.70862318290446E-017,6.74363198051989E-017,7.83949032623667E-017,8.98509952616952E-017,1.01646085766201E-016,1.13562804049005E-016,1.14638954464816E-016,1.14500488539723E-016,1.13312407239493E-016,1.11235322006212E-016,1.08421262251293E-016,1.05011030823387E-016,1.01132714401343E-016,9.69010420240591E-017,9.24173537136993E-017,8.77699957662393E-017,8.30350025285327E-017,7.82769585907411E-017,7.35499621101045E-017,6.88986309141423E-017,6.43591092945017E-017,5.99600459538026E-017,5.57235231772502E-017,5.16659245879796E-017,4.77987343065233E-017,4.41292643677647E-017,4.06613101702259E-017,3.73957357948203E-017
4.74262941781945E-018,1.01239394034848E-017,1.61806010903244E-017,2.29440053053818E-017,3.04379173217518E-017,3.8675573514134E-017,4.76561096390807E-017,5.73601906179591E-017,6.77446885098808E-017,7.87362282915844E-017,9.02233895000889E-017,1.02047315040603E-016,1.13990435713338E-016,1.15069070222728E-016,1.14930302900141E-016,1.13739360921026E-016,1.1165709609015E-016,1.08835787157796E-016,1.05416489882554E-016,1.01527542305816E-016,9.72839187498897E-017,9.27871946466397E-017,8.81259388194997E-017,8.33763930207838E-017,7.86033325951034E-017,7.38610289041931E-017,6.91942550704746E-017,6.4639292858191E-017,6.02249110659367E-017,5.59732954209869E-017,5.19009172619757E-017,4.80193337675375E-017,4.43359165311527E-017,4.08545082130881E-017,3.75760090710386E-017
4.77330759140599E-018,1.01869189384247E-017,1.62772694558538E-017,2.3075463027675E-017,3.060492671796E-017,3.88785098440889E-017,4.78949180295557E-017,5.76343532412644E-017,6.80532079073183E-017,7.90776344837291E-017,9.05957806926747E-017,1.02448444403633E-016,1.14417859984999E-016,1.15498929642993E-016,1.15359817590728E-016,1.14165978195865E-016,1.12078504142E-016,1.09249923653453E-016,1.05821545235427E-016,1.01921957905324E-016,9.76663807250617E-017,9.31566238909224E-017,8.84814780528618E-017,8.3717391648553E-017,7.89293300659338E-017,7.41717371899819E-017,6.94895408013984E-017,6.49191595547188E-017,6.04894818221232E-017,5.62227963128583E-017,5.21356616831462E-017,4.82397078320634E-017,4.45423656310281E-017,4.10475247742672E-017,3.77561215166864E-017
4.80406546783701E-018,1.02500450501374E-017,1.63741367245058E-017,2.32071559346887E-017,3.07721903388967E-017,3.90817013801695E-017,4.81339641859607E-017,5.7908717920241E-017,6.83618760810203E-017,7.94191198469667E-017,9.09681668408394E-017,1.02849471921146E-016,1.14845075065965E-016,1.15928530922227E-016,1.15789030800359E-016,1.14592257238573E-016,1.12499544313692E-016,1.09663669859308E-016,1.06226194965229E-016,1.02315959240409E-016,9.80484259450067E-017,9.35256393969734E-017,8.88366113742434E-017,8.40579962818728E-017,7.92549488417786E-017,7.44820847823172E-017,6.97844859068406E-017,6.51987071784908E-017,6.0753756020923E-017,5.64720236652345E-017,5.23701556870522E-017,4.84598543677563E-017,4.47486095754088E-017,4.12403578096612E-017,3.79360711422306E-017
4.83490290029449E-018,1.03133173952203E-017,1.64712023191859E-017,2.33390831929674E-017,3.09397070877693E-017,3.92851467715313E-017,4.83732465286793E-017,5.81832828865726E-017,6.86706911266716E-017,7.97606824033045E-017,9.13405459613174E-017,1.03250395675655E-016,1.15272079175971E-016,1.16357872276426E-016,1.16217940739015E-016,1.15018196246617E-016,1.12920214781896E-016,1.10077023922982E-016,1.06630437183528E-016,1.02709544381601E-016,9.84300524366372E-017,9.38942391479864E-017,8.91913367253854E-017,8.43982048254043E-017,7.95801867963579E-017,7.47920695315028E-017,7.00790882222133E-017,6.54779335591834E-017,6.10177314957264E-017,5.67209753246687E-017,5.26043971426075E-017,4.8679771274636E-017,4.49546463035544E-017,4.14330053051768E-017,3.81158559868282E-017
4.86581974249595E-018,1.03767356315821E-017,1.6568465665139E-017,2.34712439726681E-017,3.11074758728881E-017,3.94888446740917E-017,4.86127634866218E-017,5.84580463822674E-017,6.89796511520388E-017,8.0102320188481E-017,9.17129160860635E-017,1.03651213766189E-016,1.15698870552343E-016,1.1678695194079E-016,1.16646545637573E-016,1.15443793440132E-016,1.1334051374777E-016,1.10489984018382E-016,1.07034270029922E-016,1.03102711429092E-016,9.88112582579926E-017,9.42624211595502E-017,8.95456520814646E-017,8.47380152180388E-017,7.99050418381599E-017,7.51016893228913E-017,7.03733456180067E-017,6.57568365613403E-017,6.12814061143573E-017,5.69696491715106E-017,5.28383839517054E-017,4.88994564847272E-017,4.51604737856226E-017,4.16254652764037E-017,3.82954741180175E-017
4.89681584869147E-018,1.04402994184347E-017,1.66659261899347E-017,2.36036374475373E-017,3.12754956076314E-017,3.96927937504822E-017,4.88525134971631E-017,5.8733006659581E-017,6.92887542768773E-017,8.04440312518566E-017,9.2085275262127E-017,1.04051924308153E-016,1.16125447449844E-016,1.17215768169537E-016,1.17074843747606E-016,1.15869047061699E-016,1.13760439436702E-016,1.10902548345429E-016,1.07437691671735E-016,1.03495458512404E-016,9.91920414978887E-017,9.46301834792806E-017,8.98995554507111E-017,8.50774254325048E-017,8.02295119100418E-017,7.54109420764819E-017,7.06672559993869E-017,6.60354140839741E-017,6.15447777786815E-017,5.72180431195248E-017,5.30721140488485E-017,4.91189079617038E-017,4.5366090022329E-017,4.18177357682904E-017,3.84749236314126E-017
4.92789107366066E-018,1.05040084162852E-017,1.67635833234522E-017,2.37362627948859E-017,3.14437652104102E-017,3.98969926700007E-017,4.9092495006081E-017,5.90081619809398E-017,6.95979986328392E-017,8.07858136563051E-017,9.24576215515279E-017,1.04452525433182E-016,1.16551808140514E-016,1.17644319235728E-016,1.17502833341178E-016,1.16293955376116E-016,1.14179990098059E-016,1.11314715129772E-016,1.07840700303717E-016,1.03887783790064E-016,9.95724002755714E-017,9.49975241864562E-017,9.02530448740307E-017,8.54164334749795E-017,8.05535949888338E-017,7.57198257465211E-017,7.09608173057976E-017,6.63136640601722E-017,6.18078444242199E-017,5.7466155115513E-017,5.33055854007829E-017,4.93381237005365E-017,4.55714930446101E-017,4.20098148548243E-017,3.86542026504005E-017
4.9590452727097E-018,1.0567862286928E-017,1.68614364978656E-017,2.38691191955663E-017,3.16122836046343E-017,4.01014401085644E-017,4.93327064674955E-017,5.92835106188653E-017,6.99073823633814E-017,8.11276654781073E-017,9.28299530311335E-017,1.04853015289004E-016,1.16977950913512E-016,1.18072603431087E-016,1.17930512710649E-016,1.16718516670174E-016,1.14599164004938E-016,1.11726482622519E-016,1.08243294147739E-016,1.04279685449281E-016,9.99523327403743E-017,9.53644413916586E-017,9.060611842463E-017,8.5755037384704E-017,8.08772890849482E-017,7.60283383211093E-017,7.12540275105668E-017,6.65915844567066E-017,6.20706040197641E-017,5.77139831389397E-017,5.35387960061357E-017,4.95571017271443E-017,4.57766809132897E-017,4.22017006387142E-017,3.88333093258406E-017
4.99027830166836E-018,1.06318606934375E-017,1.69594851476293E-017,2.40022058339489E-017,3.17810497186774E-017,4.03061347486635E-017,4.9573146343808E-017,5.95590508558989E-017,7.0216903623676E-017,8.14695848068445E-017,9.3202267792537E-017,1.05253392039305E-016,1.17403874074967E-016,1.18500619065832E-016,1.18357880168473E-016,1.17142729252436E-016,1.15017959453921E-016,1.12137849099963E-016,1.08645471452505E-016,1.0467116170563E-016,1.00331837071381E-016,9.57309332364173E-017,9.09587742076479E-017,8.60932352336042E-017,8.1200592241993E-017,7.63364778218108E-017,7.15468846205169E-017,6.68691732736485E-017,6.23330545669986E-017,5.7961525201563E-017,5.37717438950568E-017,4.97758400980494E-017,4.59816517187486E-017,4.23933912510761E-017,3.90122418357682E-017
5.02159001688707E-018,1.06960033001594E-017,1.70577287094634E-017,2.41355218978985E-017,3.1950062485844E-017,4.05110752793149E-017,4.98138131056426E-017,5.98347809845279E-017,7.05265605805206E-017,8.18115697452939E-017,9.35745639419368E-017,1.05653653863589E-016,1.17829575947819E-016,1.18928364468495E-016,1.18784934047009E-016,1.17566591453019E-016,1.15436374764828E-016,1.12548812863318E-016,1.09047230493254E-016,1.05062210802736E-016,1.00710911477088E-016,9.60969978928576E-017,9.13110103597898E-017,8.64310251259146E-017,8.15235025363894E-017,7.66442423032682E-017,7.18393866755801E-017,6.71464285439866E-017,6.25951941001248E-017,5.82087793470675E-017,5.40044271288638E-017,4.9994336900035E-017,4.6186403580598E-017,4.25848848511226E-017,3.91909983850996E-017
5.05298027523397E-018,1.07602897727039E-017,1.71561666223393E-017,2.42690665787515E-017,3.21193208443354E-017,4.07162603960168E-017,5.00547052317859E-017,6.01106993071117E-017,7.08363514122499E-017,8.21536184093248E-017,9.39468396000171E-017,1.06053798957043E-016,1.18255054871673E-016,1.1935583798576E-016,1.19211672698322E-016,1.17990101623378E-016,1.15854408280483E-016,1.12959372238447E-016,1.09448569571474E-016,1.05452831011963E-016,1.01089554195081E-016,9.6462633563354E-017,9.16628250489671E-017,8.67684051978074E-017,8.18460180769943E-017,7.69516298528221E-017,7.21315317484182E-017,6.742334833325E-017,6.28570206854903E-017,5.84557436507033E-017,5.42368437996914E-017,5.02125902498081E-017,4.63909346473556E-017,4.27761796258543E-017,3.93695772053412E-017
5.08444893409206E-018,1.08247197779376E-017,1.72547983274655E-017,2.44028390712931E-017,3.22888237372166E-017,4.09216888007031E-017,5.02958212091294E-017,6.03868041358096E-017,7.11462743086481E-017,8.24957289277958E-017,9.43190929018305E-017,1.06453825530408E-016,1.18680309202646E-016,1.19783037982284E-016,1.19638094493999E-016,1.18413258136092E-016,1.16272058366469E-016,1.13369525575608E-016,1.09849487014615E-016,1.05843020632107E-016,1.01467763491699E-016,9.68278384801858E-017,9.20142164739394E-017,8.71053736170255E-017,8.21681370047263E-017,7.72586385901338E-017,7.24233179440447E-017,6.76999307391347E-017,6.31185324212221E-017,5.8702416218927E-017,5.44689920301434E-017,5.04305982936639E-017,4.65952430961251E-017,4.29672737897553E-017,3.95479765543002E-017
5.11599585135624E-018,1.08892929839761E-017,1.73536232682736E-017,2.45368385737347E-017,3.24585701123835E-017,4.11273592016992E-017,5.0537159532611E-017,6.06630937925082E-017,7.14563274708623E-017,8.28378994424537E-017,9.46913219966807E-017,1.06853731809841E-016,1.19105337313222E-016,1.20209962840538E-016,1.20064197824956E-016,1.18836059384653E-016,1.16689323410899E-016,1.13779271249187E-016,1.1024998117581E-016,1.06232777989094E-016,1.01845537661719E-016,9.7192610905199E-017,9.23651828639627E-017,8.74419285825197E-017,8.24898574921968E-017,7.75652666668132E-017,7.27147433994541E-017,6.7976173891135E-017,6.33797274368633E-017,5.89487951890473E-017,5.47008699729494E-017,5.06483592071556E-017,4.6799327132279E-017,4.3158165584491E-017,3.9726194715799E-017
5.14762088543051E-018,1.09540090601764E-017,1.74526408904041E-017,2.46710642876913E-017,3.26285589225306E-017,4.13332703136774E-017,5.07787187051582E-017,6.09395666087505E-017,7.17665091113166E-017,8.31801281078321E-017,9.50635250480072E-017,1.07253516036788E-016,1.19530137592103E-016,1.20636610960638E-016,1.20489981101252E-016,1.19258503783255E-016,1.17106201824178E-016,1.1418860765745E-016,1.10650050433593E-016,1.0662210143568E-016,1.02222875028032E-016,9.75569491294694E-017,9.27157224784401E-017,8.77780683240898E-017,8.28111777433445E-017,7.78715122660504E-017,7.30058062832525E-017,6.8252075950178E-017,6.36406038930142E-017,5.91948787288745E-017,5.49324758106245E-017,5.08658711947655E-017,4.70031849891451E-017,4.33488532786088E-017,3.99042299993922E-017
5.17932389522508E-018,1.10188676771296E-017,1.75518506416924E-017,2.48055154181597E-017,3.27987891251181E-017,4.1539420857613E-017,5.10204972376307E-017,6.12162209256652E-017,7.20768174536273E-017,8.35224130911523E-017,9.54357002332708E-017,1.07653176467853E-016,1.19954708444068E-016,1.21062980760181E-016,1.20915442751906E-016,1.19680589766591E-016,1.17522692038778E-016,1.14597533222283E-016,1.11049693191625E-016,1.07010989351149E-016,1.02599773941331E-016,9.79208514729721E-017,9.30658336065772E-017,8.81137911020307E-017,8.31320959930748E-017,7.81773736022512E-017,7.3296504795294E-017,6.85276351082628E-017,6.39011599809766E-017,5.94406650363732E-017,5.51638077551325E-017,5.10831324895811E-017,4.72068149276949E-017,4.35393351672429E-017,4.00820807400857E-017
5.21110474015359E-018,1.10838685066534E-017,1.76512519721555E-017,2.49401911734963E-017,3.29692596823407E-017,4.1745809560741E-017,5.1262493648765E-017,6.14930550938971E-017,7.23872507325187E-017,8.38647525722249E-017,9.58078457438404E-017,1.08052711374671E-016,1.20379048289824E-016,1.21489070674087E-016,1.21340581224716E-016,1.20102315789645E-016,1.17938792509007E-016,1.15006046388945E-016,1.1144890787842E-016,1.07399440141029E-016,1.02976232779797E-016,9.82843162842531E-017,9.34155145670415E-017,8.8449095206781E-017,8.34526105069021E-017,7.84828489206778E-017,7.35868371663208E-017,6.88028495881034E-017,6.4161393922403E-017,5.96861523393193E-017,5.53948640475531E-017,5.13001413529743E-017,4.74102152362365E-017,4.37296095718202E-017,4.02597452980595E-017
5.24296328013024E-018,1.11490112217847E-017,1.77508443339779E-017,2.50750907653952E-017,3.31399695610955E-017,4.1952435156513E-017,5.1504706465118E-017,6.17700674735374E-017,7.26978071937399E-017,8.42071447433515E-017,9.61799597848809E-017,1.08452119043781E-016,1.2080315556587E-016,1.21914879154433E-016,1.21765394986073E-016,1.20523680327493E-016,1.18354501710787E-016,1.15414145625822E-016,1.11847692947077E-016,1.07787452236793E-016,1.03352249948791E-016,9.86473419401055E-017,9.3764763707625E-017,8.87839789585773E-017,8.37727195805976E-017,7.87879364970916E-017,7.38768016576065E-017,6.90777176427752E-017,6.44213039689485E-017,5.99313388949599E-017,5.56256429577518E-017,5.15168960742828E-017,4.761338423011E-017,4.39196748397707E-017,4.04372220583924E-017
5.27489937556704E-018,1.12142954967725E-017,1.78506271814981E-017,2.52102134088668E-017,3.33109177329507E-017,4.21592963845547E-017,5.17471342210126E-017,6.20472564340558E-017,7.30084850939826E-017,8.4549587809229E-017,9.65520405752424E-017,1.08851397776499E-016,1.21227028724353E-016,1.22340404670299E-016,1.2218988252079E-016,1.20944681875099E-016,1.18769818141429E-016,1.15821829424177E-016,1.12246046875014E-016,1.08175024095577E-016,1.0372782388055E-016,9.90099268452489E-017,9.41135794049119E-017,8.91184407071108E-017,8.40924215398401E-017,7.90926346374023E-017,7.41663965606045E-017,6.93522375553661E-017,6.46808884019272E-017,6.01762229896781E-017,5.58561427840543E-017,5.17333949704961E-017,4.78163202513856E-017,4.41095293442403E-017,4.061450943079E-017
5.30691288737105E-018,1.12797210070707E-017,1.79505999711955E-017,2.53455583222164E-017,3.34821031741149E-017,4.23663919906236E-017,5.19897754584824E-017,6.23246203542325E-017,7.3319282700799E-017,8.48920799868534E-017,9.69240863473503E-017,1.09250545888798E-016,1.21650666232933E-016,1.22765645707609E-016,1.2261404233192E-016,1.21365318947122E-016,1.19184740319416E-016,1.16229096297916E-016,1.12643968163703E-016,1.08562154199899E-016,1.04102953033885E-016,9.93720694320128E-017,9.44619600639488E-017,8.94524788311894E-017,8.44117147398707E-017,7.93969416773187E-017,7.44556201965995E-017,6.96264076386309E-017,6.49401455319721E-017,6.04208029386593E-017,5.60863618529236E-017,5.19496363859442E-017,4.80190216685655E-017,4.42991714838056E-017,4.07916058493145E-017
5.3390036769416E-018,1.13452874293307E-017,1.80507621616769E-017,2.54811247270231E-017,3.36535248654061E-017,4.25737207265675E-017,5.22326287272185E-017,6.26021576220908E-017,7.3630198292522E-017,8.52346195054251E-017,9.72960953470964E-017,1.09649561711178E-016,1.2207406657464E-016,1.23190600768978E-016,1.23037872940583E-016,1.21785590077718E-016,1.19599266784184E-016,1.16635944783341E-016,1.13041455338412E-016,1.08948841057373E-016,1.04477635893884E-016,9.97337681600241E-017,9.48099041179197E-017,8.97860917384023E-017,8.47305975651527E-017,7.97008559820055E-017,7.47444709163633E-017,6.99002262346493E-017,6.51990736986983E-017,6.06650770855637E-017,5.63162985186405E-017,5.21656186919895E-017,4.82214868762886E-017,4.44885996821933E-017,4.09685097721183E-017
5.37117160616755E-018,1.14109944413946E-017,1.81511132136633E-017,2.56169118481184E-017,3.3825181792221E-017,4.27812813502825E-017,5.24756925845154E-017,6.28798666348312E-017,7.39412301581841E-017,8.55772046062557E-017,9.76680658337317E-017,1.10048443588551E-016,1.22497228247742E-016,1.23615268373557E-016,1.23461372885795E-016,1.22205493820345E-016,1.20013396095908E-016,1.17042373438919E-016,1.13438506947945E-016,1.09335083200436E-016,1.04851870971618E-016,1.00095021515897E-016,9.51574100278236E-017,9.01192778647892E-017,8.50490684290329E-017,8.00043759457419E-017,7.50329470998139E-017,7.01736917144882E-017,6.54576712703706E-017,6.09090438021999E-017,5.65459511629877E-017,5.23813402867218E-017,4.84237142950381E-017,4.46778123880006E-017,4.11452196811795E-017
5.40341653742462E-018,1.14768417222879E-017,1.82516525899769E-017,2.5752918913566E-017,3.39970729445055E-017,4.29890726256728E-017,5.27189655952184E-017,6.31577457987652E-017,7.42523765974389E-017,8.59198335426744E-017,9.80399960797595E-017,1.10447189880119E-016,1.22920149765613E-016,1.24039647056879E-016,1.23884540724294E-016,1.22625028747574E-016,1.20427126835287E-016,1.17448380845044E-016,1.13835121564389E-016,1.09720879186075E-016,1.05225656803846E-016,1.00455828012927E-016,9.55044762821573E-017,9.04520356745131E-017,8.53671257734095E-017,8.0307499991586E-017,7.53210471556793E-017,7.04468024778676E-017,6.5715936643574E-017,6.11527014882033E-017,5.67753181949376E-017,5.25967995946568E-017,4.86257023708517E-017,4.48668080744198E-017,4.13217340820396E-017
5.43573833357264E-018,1.15428289522127E-017,1.83523797555279E-017,2.58891451546407E-017,3.41691973167241E-017,4.31970933226096E-017,5.29624463316708E-017,6.34357935292501E-017,7.45636359204828E-017,8.6262504579937E-017,9.84118843708301E-017,1.10845798959253E-016,1.23342829656591E-016,1.24463735370715E-016,1.24307375030372E-016,1.230441934509E-016,1.20840457603339E-016,1.17853965603809E-016,1.14231297782863E-016,1.10106227595553E-016,1.05598991952735E-016,1.00816186190789E-016,9.58511013966002E-017,9.07843636595365E-017,8.56847680684015E-017,8.06102265710411E-017,7.56087695211638E-017,7.07195569528297E-017,6.59738682428885E-017,6.1396048570718E-017,5.70043980503422E-017,5.28119950664375E-017,4.8827449575036E-017,4.50555852389648E-017,4.14980515035452E-017
5.46813685795292E-018,1.16089558125406E-017,1.84532941773021E-017,2.60255898058082E-017,3.43415539078309E-017,4.34053422168911E-017,5.32061333736624E-017,6.37140082506249E-017,7.4875006447977E-017,8.66052159951344E-017,9.87837290056365E-017,1.11244269213376E-016,1.23765266463857E-016,1.2488753188292E-016,1.24729874395711E-016,1.23462986540553E-016,1.21253387021186E-016,1.18259126338778E-016,1.14627034221269E-016,1.10491127034144E-016,1.05971875005568E-016,1.01176094615238E-016,9.61972839137038E-017,9.11162603393017E-017,8.60019938120235E-017,8.09125541637274E-017,7.58961126616191E-017,7.0991953595412E-017,6.62314645205663E-017,6.16390835040812E-017,5.72331891916276E-017,5.30269251785387E-017,4.90289544038821E-017,4.52441424032006E-017,4.16741704975906E-017
5.50061197438554E-018,1.16752219858061E-017,1.8554395324348E-017,2.61622521047047E-017,3.45141417212398E-017,4.36138180902027E-017,5.34500253083775E-017,6.39923883961457E-017,7.51864865109706E-017,8.69479660771026E-017,9.91555282958107E-017,1.11642599043845E-016,1.24187458745298E-016,1.25311035177286E-016,1.25152037429211E-016,1.23881406645315E-016,1.21665913729856E-016,1.18663861694757E-016,1.15022329520045E-016,1.1087557613087E-016,1.06344304574467E-016,1.01535551877814E-016,9.65430224025845E-017,9.14477242604144E-017,8.63188015298627E-017,8.12144812770559E-017,7.61830750702184E-017,7.12639908893241E-017,6.6488723956214E-017,6.1881804769512E-017,5.74616901074914E-017,5.32415884329747E-017,4.92302153783859E-017,4.54324781124757E-017,4.1850089638864E-017
5.53316354716675E-018,1.17416271556994E-017,1.86556826677637E-017,2.62991312921171E-017,3.46869597647956E-017,4.38225197300773E-017,5.36941207303447E-017,6.42709324079232E-017,7.54980744508252E-017,8.72907531263335E-017,9.95272805658216E-017,1.12040786865838E-016,1.24609405073376E-016,1.25734243853398E-016,1.25573862756832E-016,1.24299452412335E-016,1.22078036390073E-016,1.1906817033757E-016,1.15417182341922E-016,1.11259573538235E-016,1.06716279296114E-016,1.0189455659555E-016,9.68883154586192E-017,9.17787539963311E-017,8.66351897747606E-017,8.15160064459073E-017,7.64696552676342E-017,7.15356673456278E-017,6.67456450564767E-017,6.21242108748028E-017,5.76898993126021E-017,5.34559833570101E-017,4.94312310439697E-017,4.56205909356571E-017,4.20258075245961E-017
5.56579144106633E-018,1.18081710070599E-017,1.87571556806851E-017,2.64362266119627E-017,3.48600070507454E-017,4.40314459298566E-017,5.39384182413857E-017,6.45496387368595E-017,7.58097686191386E-017,8.76335754548868E-017,9.98989841528735E-017,1.12438831108239E-016,1.25031104035009E-016,1.26157156526493E-016,1.25995349021431E-016,1.24717122506948E-016,1.22489753682062E-016,1.19472050953843E-016,1.15811591371685E-016,1.11643117931971E-016,1.07087797831476E-016,1.02253107410681E-016,9.72331617031456E-017,9.210934814705E-017,8.69511571264981E-017,8.18171282323133E-017,7.67558518017203E-017,7.18069815024207E-017,6.70022263547271E-017,6.23663003540145E-017,5.79178153473038E-017,5.36701085028731E-017,4.96319999702078E-017,4.5808479464868E-017,4.22013227743109E-017
5.59849552132497E-018,1.18748532258695E-017,1.88588138382731E-017,2.657353731127E-017,3.50332825957098E-017,4.42405954886523E-017,5.41829164505656E-017,6.48285058425862E-017,7.61215673776707E-017,8.79764313863025E-017,1.00270637406806E-016,1.12836730213522E-016,1.25452554231436E-016,1.26579771827311E-016,1.26416494882599E-016,1.25134415612495E-016,1.22901064305343E-016,1.1987550225078E-016,1.16205555315936E-016,1.1202620801078E-016,1.07458858865534E-016,1.02611202990361E-016,9.75775597831648E-017,9.24395053388052E-017,8.72667021914835E-017,8.21178452251424E-017,7.7041663247196E-017,7.20779319245236E-017,6.72584664107563E-017,6.26080717671744E-017,5.81454367773223E-017,5.38839624474727E-017,4.98325207505543E-017,4.59961423152278E-017,4.23766340295789E-017
5.63127565365171E-018,1.19416734992455E-017,1.89606566177013E-017,2.67110626401587E-017,3.52067854206547E-017,4.44499672113075E-017,5.44276139741437E-017,6.5107532193403E-017,7.64334690982694E-017,8.8319319255514E-017,1.00642238689994E-016,1.13234482637641E-016,1.25873754278095E-016,1.27002088401956E-016,1.26837299016504E-016,1.25551330430151E-016,1.23311966978543E-016,1.20278522955949E-016,1.16599072902855E-016,1.12408842496079E-016,1.07829461107013E-016,1.0296884202638E-016,9.79215083710477E-017,9.27692242237647E-017,8.7581823602445E-017,8.24181560397885E-017,7.73270882053355E-017,7.23485172031709E-017,6.75143638104695E-017,6.28495236999784E-017,5.83727621934749E-017,5.40975437921183E-017,5.00327920020741E-017,4.61835781245957E-017,4.25517399537734E-017
5.66413170422134E-018,1.20086315154348E-017,1.90626834981438E-017,2.68488018518205E-017,3.53805145508636E-017,4.46595599083589E-017,5.46725094355238E-017,6.53867162662167E-017,7.67454721627977E-017,8.86622374087625E-017,1.01013786377251E-016,1.13632086849919E-016,1.26294702804501E-016,1.27424104911761E-016,1.27257760115735E-016,1.25967865678742E-016,1.23722460439194E-016,1.2068111181707E-016,1.16992142881971E-016,1.12791020131759E-016,1.08199603288118E-016,1.03326023234884E-016,9.82650061642449E-017,9.30985034797313E-017,8.78965200181258E-017,8.27180593178634E-017,7.76121253036589E-017,7.26187359557047E-017,6.77699171655841E-017,6.30906547634948E-017,5.85997902113834E-017,5.43108511622418E-017,5.02328123651762E-017,4.63707855533154E-017,4.27266392318286E-017
5.69706353967187E-018,1.20757269638064E-017,1.91648939607632E-017,2.69867542025002E-017,3.55544690159092E-017,4.48693723959994E-017,5.49176014652063E-017,6.5666056546481E-017,7.70575749630606E-017,8.90051842035125E-017,1.01385278855729E-016,1.14029541332937E-016,1.2671539845412E-016,1.27845820033143E-016,1.27677876889146E-016,1.26384020094576E-016,1.24132543443542E-016,1.21083267601798E-016,1.17384764023932E-016,1.13172739683926E-016,1.08569284164271E-016,1.03682745356099E-016,9.86080518849996E-017,9.34273418098475E-017,8.8210790122983E-017,8.30175537268926E-017,7.78967731956286E-017,7.28885868252721E-017,6.80251251133311E-017,6.33314635938731E-017,5.88265194711903E-017,5.45238832071239E-017,5.04325805033504E-017,4.65577632839643E-017,4.29013305700004E-017
5.73007102710195E-018,1.21429595348457E-017,1.92672874886984E-017,2.71249189514761E-017,3.57286478496266E-017,4.50794034960404E-017,5.51628887007398E-017,6.59455515281365E-017,7.73697759007341E-017,8.93481580083671E-017,1.01756714524824E-016,1.14426844582426E-016,1.27135839884249E-016,1.28267232457472E-016,1.28097648061702E-016,1.2679979243127E-016,1.24542214766362E-016,1.21484989097523E-016,1.17776935120275E-016,1.13553999940665E-016,1.0893850251385E-016,1.04039007154059E-016,9.89506442800639E-017,9.37557379423036E-017,8.852463262689E-017,8.33166379600148E-017,7.81810305603472E-017,7.31580684805262E-017,6.82799863161605E-017,6.35719488520546E-017,5.90529486372773E-017,5.47366385996217E-017,5.06320951029059E-017,4.67445100211032E-017,4.30758126956296E-017
5.76315403406842E-018,1.22103289201474E-017,1.9369863567053E-017,2.72632953610417E-017,3.59030500900856E-017,4.52896520358754E-017,5.54083697866732E-017,6.62251997135522E-017,7.76820733872932E-017,8.96911572029849E-017,1.0212809179608E-016,1.14823995107159E-016,1.27556025765896E-016,1.2868834089093E-016,1.28517072374327E-016,1.27215181459582E-016,1.24951473200763E-016,1.21886275111153E-016,1.18168654983207E-016,1.13934799711798E-016,1.09307257137935E-016,1.04394807416337E-016,9.92927821204181E-017,9.4083690630048E-017,8.88380462648421E-017,8.36153107356841E-017,7.84648961022599E-017,7.34271796153294E-017,6.8534499461449E-017,6.38121092234863E-017,5.92790763979877E-017,5.49491160359007E-017,5.08313548727137E-017,4.69310244910303E-017,4.32500843569071E-017
5.79631242858376E-018,1.22778348124095E-017,1.94726216828832E-017,2.74018826964867E-017,3.6077674779564E-017,4.55001168484427E-017,5.56540433745091E-017,6.65049996134662E-017,7.79944658439421E-017,9.00341801779977E-017,1.02499409093095E-016,1.15220991428843E-016,1.27975954783663E-016,1.29109144054382E-016,1.28936148583755E-016,1.2763018596724E-016,1.25360317558005E-016,1.22287124468917E-016,1.18559922445375E-016,1.1431513782864E-016,1.09675546860052E-016,1.04750144953776E-016,9.96344642009937E-017,9.44111986505031E-017,8.91510297966652E-017,8.39135707973759E-017,7.87483685508603E-017,7.36959189484616E-017,6.87886632612111E-017,6.40519434178389E-017,5.95049014653512E-017,5.51613142351684E-017,5.10303585439505E-017,4.7117305441537E-017,4.34241443226424E-017
5.82954607911359E-018,1.23454769054269E-017,1.95755613251864E-017,2.75406802260787E-017,3.62525209645205E-017,4.571079677219E-017,5.58999081226562E-017,6.67849497469279E-017,7.83069517015444E-017,9.03772253349286E-017,1.02870664851426E-016,1.15617832082015E-016,1.28395625635623E-016,1.29529640683241E-016,1.29354875462377E-016,1.28044804758777E-016,1.25768746667314E-016,1.22687536016159E-016,1.18950736359653E-016,1.14695013143768E-016,1.10043370525923E-016,1.05105018600226E-016,9.99756893403984E-017,9.47382608052816E-017,8.9463582006728E-017,8.42114169132965E-017,7.90314466603982E-017,7.39642852233298E-017,6.90424764518141E-017,6.42914501687263E-017,5.97304225748114E-017,5.53732319394114E-017,5.12291048698462E-017,4.73033516416656E-017,4.35979913820335E-017
5.86285485457426E-018,1.24132548940849E-017,1.96786819848892E-017,2.76796872210444E-017,3.64275876955685E-017,4.59216906510375E-017,5.61459626963838E-017,6.70650486412407E-017,7.86195294005535E-017,9.07202910861109E-017,1.03241857518497E-016,1.16014515613938E-016,1.28815037033209E-016,1.29949829527337E-016,1.297732517981E-016,1.28459036655369E-016,1.26176759375701E-016,1.23087508617141E-016,1.1934109559892E-016,1.15074424530786E-016,1.10410727003216E-016,1.05459427212284E-016,1.00316456380646E-016,9.50648759199083E-017,8.97757017036578E-017,8.45088478760949E-017,7.93141292095923E-017,7.42322772076824E-017,6.92959377936951E-017,6.45306282334294E-017,5.99556384849573E-017,5.5584867913135E-017,5.14275926254333E-017,4.74891618814707E-017,4.37716243444393E-017
5.89623862433033E-018,1.24811684743529E-017,1.97819831548362E-017,2.78189029555519E-017,3.66028740274496E-017,4.61327973343435E-017,5.63922057677754E-017,6.73452948319047E-017,7.89321973909447E-017,9.10633758546084E-017,1.03612985553506E-016,1.16411040584494E-016,1.29234187701096E-016,1.30369709350786E-016,1.30191276394195E-016,1.28872880494668E-016,1.2658435454778E-016,1.23487041154841E-016,1.19730999055849E-016,1.15453370884094E-016,1.10777615181305E-016,1.05813369669037E-016,1.00656764186888E-016,9.53910428435436E-017,9.00873877200584E-017,8.48058625025793E-017,7.95964150013448E-017,7.44998936933255E-017,6.95490460710818E-017,6.47694763926222E-017,6.01805479772563E-017,5.57962209431055E-017,5.16258206072997E-017,4.76747349717824E-017,4.39450420391547E-017
5.92969725819221E-018,1.25492173432785E-017,1.98854643297786E-017,2.79583267066925E-017,3.6778379019008E-017,4.63441156768679E-017,5.66386360156832E-017,6.76256868625606E-017,7.92449541321469E-017,9.14064780741357E-017,1.03984047427336E-016,1.16807405566084E-016,1.29653076377085E-016,1.30789278931865E-016,1.30608948069159E-016,1.29286335130644E-016,1.26991531065591E-016,1.23886132530762E-016,1.20120445642691E-016,1.15831851118657E-016,1.1114403397102E-016,1.06166844871806E-016,1.00996611647147E-016,9.5716760448711E-017,9.03986389122325E-017,8.5102459633435E-017,7.987830286246E-017,7.4767133495843E-017,6.98018000917163E-017,6.50079934501013E-017,6.04051498557909E-017,5.60072898380957E-017,5.18237876333434E-017,4.78600697439716E-017,4.4118243315188E-017
5.96323062641365E-018,1.26174011989812E-017,1.99891250063625E-017,2.80979577544628E-017,3.69541017331638E-017,4.65556445387383E-017,5.68852521256833E-017,6.79062232849337E-017,7.9557798092976E-017,9.17495961889797E-017,1.04355041622464E-016,1.17203609143526E-016,1.30071701811994E-016,1.31208537062878E-016,1.31026265656564E-016,1.29699399433424E-016,1.27398287828422E-016,1.24284781664732E-016,1.20509434291069E-016,1.16209864169785E-016,1.11509982304414E-016,1.06519851743891E-016,1.01335997672056E-016,9.6042027631027E-017,9.07094541599063E-017,8.53986381329469E-017,8.01597916433653E-017,7.50339954543199E-017,7.00541986865816E-017,6.52461782325176E-017,6.06294429469982E-017,5.62180734286323E-017,5.20214925425297E-017,4.80451650497184E-017,4.42912270410395E-017
5.99683859968943E-018,1.2685719740646E-017,2.00929646831183E-017,2.82377953817466E-017,3.71300412368884E-017,4.67673827854146E-017,5.71320527900309E-017,6.81869026587781E-017,7.98707277515676E-017,9.20927286539213E-017,1.04725966632872E-016,1.17599649913954E-016,1.30490062769543E-016,1.31627482550039E-016,1.31443228004923E-016,1.30112072289136E-016,1.27804623752637E-016,1.24682987494721E-016,1.20897963951764E-016,1.16587408992904E-016,1.1187545913452E-016,1.06872389230327E-016,1.01674921194602E-016,9.63668433089343E-017,9.1019832365957E-017,8.56943968887243E-017,8.04408802178358E-017,7.53004784310678E-017,7.0306240709631E-017,6.54840295891118E-017,6.08534260994118E-017,5.64285705667465E-017,5.22189341946518E-017,4.82300197607827E-017,4.44639921044842E-017
6.03052104915291E-018,1.27541726685178E-017,2.01969828604489E-017,2.83778388742982E-017,3.73061966011786E-017,4.69793292876554E-017,5.73790367076161E-017,6.84677235518227E-017,8.01837415953118E-017,9.2435873934159E-017,1.05096820963955E-016,1.17995526486718E-016,1.30908158026243E-016,1.32046114213338E-016,1.31859833977548E-016,1.30524352599751E-016,1.28210537771501E-016,1.25080748976644E-016,1.21286033594515E-016,1.1696448456334E-016,1.12240463435123E-016,1.07224456297637E-016,1.02013381169863E-016,9.66912064234383E-017,9.13297724561447E-017,8.59897348114292E-017,8.07215674827221E-017,7.55665813113544E-017,7.05579250375215E-017,6.57215463914523E-017,6.10770981834066E-017,5.66387801257276E-017,5.24161114700932E-017,4.84146327687766E-017,4.46365374123547E-017
6.06427784637369E-018,1.28227596838949E-017,2.03011790406193E-017,2.85180875207239E-017,3.74825669010317E-017,4.71914829214833E-017,5.762620258392E-017,6.87486845397158E-017,8.04968381207877E-017,9.27790305052316E-017,1.0546760313244E-016,1.18391237483287E-016,1.31325986371289E-016,1.32464430886425E-016,1.3227608245241E-016,1.30936239282931E-016,1.28616028835009E-016,1.2547806508418E-016,1.21673642207813E-016,1.17341089876096E-016,1.12604994200521E-016,1.07576051933582E-016,1.02351376574762E-016,9.70151159378458E-017,9.16392733788457E-017,8.62846508345075E-017,8.10018523576802E-017,7.58323030031354E-017,7.08092505693483E-017,6.59587275331758E-017,6.13004580909466E-017,5.68487009998778E-017,5.26130232695922E-017,4.85990029849403E-017,4.4808861890328E-017
6.09810886335525E-018,1.28914804891235E-017,2.04055527277449E-017,2.86585406124657E-017,3.76591512154203E-017,4.74038425681515E-017,5.78735491309714E-017,6.90297842059722E-017,8.0810015833698E-017,9.3122196852943E-017,1.05838311666295E-016,1.18786781537148E-016,1.31743546606446E-016,1.32882431416482E-016,1.32691972322003E-016,1.31347731271874E-016,1.29021095909721E-016,1.2587493480858E-016,1.22060788798702E-016,1.17717223945641E-016,1.129690504453E-016,1.0792717514693E-016,1.02688906407809E-016,9.73385708375076E-017,9.19483341047895E-017,8.65791439139225E-017,8.12817337849057E-017,7.60976424367895E-017,7.10602162263841E-017,6.6195571929731E-017,6.15235047353351E-017,5.70583321042718E-017,5.28096685140103E-017,4.87831293399188E-017,4.49809644827135E-017
6.13201397253263E-018,1.29603347875913E-017,2.05101034277816E-017,2.87991974437835E-017,3.7835948627268E-017,4.7616407114111E-017,5.81210750673036E-017,6.93110211419193E-017,8.11232732488061E-017,9.34653714732872E-017,1.06208945104641E-016,1.19182157293713E-016,1.32160837545948E-016,1.33300114664107E-016,1.33107502493208E-016,1.31758827515166E-016,1.2942573797859E-016,1.2627135715849E-016,1.22447472392576E-016,1.18092885805692E-016,1.13332631204107E-016,1.08277824967207E-016,1.03025969688861E-016,9.76615701295632E-017,9.22569536267992E-017,8.6873213027893E-017,8.15612107288699E-017,7.63625985648561E-017,7.13108209518198E-017,6.64320785181249E-017,6.17462370509676E-017,5.72676723745164E-017,5.30060461441014E-017,4.89670107835426E-017,4.51528441522434E-017
6.16599304677005E-018,1.30293222837219E-017,2.0614830648514E-017,2.89400573117384E-017,3.80129582234247E-017,4.78291754509762E-017,5.83687791179119E-017,6.95923939466441E-017,8.14366088898714E-017,9.38085528723735E-017,1.06579501997672E-016,1.19577363410218E-016,1.32577858016385E-016,1.33717479503188E-016,1.3352267188716E-016,1.32169526976626E-016,1.29829954040798E-016,1.26667331159766E-016,1.22833692032988E-016,1.18468074509006E-016,1.13695735531425E-016,1.08628000444472E-016,1.03362565458872E-016,9.79841128426883E-017,9.25651309595337E-017,8.71668571766324E-017,8.18402821760591E-017,7.66271703617765E-017,7.15610637105088E-017,6.66682462566722E-017,6.19686539930877E-017,5.7476720766515E-017,5.32021551202843E-017,4.91506462846093E-017,4.53244998798652E-017
6.20004595935868E-018,1.30984426829689E-017,2.07197338995456E-017,2.90811195161757E-017,3.81901790946424E-017,4.80421464754934E-017,5.86166600142113E-017,6.98739012269413E-017,8.17500212895875E-017,9.41517395663535E-017,1.06949980906569E-016,1.19972398555635E-016,1.32994606856604E-016,1.34134524820792E-016,1.33937479439114E-016,1.32579828635164E-016,1.30233743111594E-016,1.27062855855296E-016,1.2321944678145E-016,1.1884278912717E-016,1.14058362501353E-016,1.08977700649076E-016,1.03698692779652E-016,9.83061980268464E-017,9.2872865139234E-017,8.74600753820925E-017,8.21189471347171E-017,7.68913568236374E-017,7.18109434887142E-017,6.69040741247465E-017,6.21907545375451E-017,5.7685476256233E-017,5.33979944224179E-017,4.93340348306679E-017,4.54959306645367E-017
6.2341725840143E-018,1.316769569181E-017,2.08248126922876E-017,2.92223833597086E-017,3.83676103355512E-017,4.82553190895077E-017,5.88647164939946E-017,7.01555415972611E-017,8.20635089895187E-017,9.44949300813477E-017,1.07320380403414E-016,1.20367261410571E-016,1.33411082917598E-016,1.3455124951704E-016,1.34351924098313E-016,1.32989731484631E-016,1.3063710422213E-016,1.27457930304822E-016,1.23604735717244E-016,1.19217028750393E-016,1.14420511207381E-016,1.09326924671435E-016,1.04034350733628E-016,9.86278247530413E-017,9.31801552234712E-017,8.77528666877083E-017,8.23972046345904E-017,7.7155156967917E-017,7.20604592938578E-017,6.71395611225355E-017,6.24125376805565E-017,5.78939378394665E-017,5.35935630495777E-017,4.9517175427806E-017,4.56671355230225E-017
6.26837279487504E-018,1.32370810177416E-017,2.09300665399487E-017,2.93638481477011E-017,3.85452510446353E-017,4.84686921999306E-017,5.91129473013907E-017,7.04373136796574E-017,8.2377070540039E-017,9.48381229533733E-017,1.07690699071109E-016,1.2076195066718E-016,1.33827285062406E-016,1.34967652504998E-016,1.3476600482786E-016,1.33399234533675E-016,1.31040036419303E-016,1.27852553584766E-016,1.23989557937231E-016,1.19590792487305E-016,1.14782180762181E-016,1.09675671621803E-016,1.04369538423606E-016,9.89489921130736E-017,9.34870002908981E-017,8.80452301581472E-017,8.26750537266756E-017,7.7418569833235E-017,7.23096101542729E-017,6.73747062707979E-017,6.26340024384691E-017,5.81021045316129E-017,5.37888600198356E-017,4.97000671004381E-017,4.58381134896932E-017
6.30264646649914E-018,1.33065983692725E-017,2.10354949575245E-017,2.9505513188252E-017,3.87231003242097E-017,4.86822647187086E-017,5.93613511868241E-017,7.07192161037376E-017,8.26907045002706E-017,9.51813167282725E-017,1.08060935503294E-016,1.21156465029066E-016,1.34243212166009E-016,1.35383732710554E-016,1.35179720604586E-016,1.33808336805597E-016,1.31442538765594E-016,1.28246724788053E-016,1.24373912555662E-016,1.19964079464752E-016,1.15143370297389E-016,1.10023940630044E-016,1.0470425497254E-016,9.92696992192998E-017,9.37933994410032E-017,8.83371648790607E-017,8.2952493482971E-017,7.76815944791039E-017,7.25583951189597E-017,6.76095086106231E-017,6.28551478475264E-017,5.83099753674448E-017,5.39838843700417E-017,4.98827088910969E-017,4.60088636163259E-017
6.33699347386267E-018,1.33762474559187E-017,2.11410974617874E-017,2.96473777921784E-017,3.89011572803964E-017,4.88960355627911E-017,5.96099269069732E-017,7.10012475066116E-017,8.30044094380235E-017,9.55245099616421E-017,1.08431088304267E-016,1.21550803211197E-016,1.34658863115233E-016,1.3579948907231E-016,1.35593070418926E-016,1.34217037338211E-016,1.31844610338912E-016,1.28640443023943E-016,1.24757798703991E-016,1.203368888276E-016,1.1550407896339E-016,1.10371730845413E-016,1.05038499523295E-016,9.9589945204394E-017,9.40993517938678E-017,8.86286699568377E-017,8.32295229962294E-017,7.79442299856842E-017,7.28068132573425E-017,6.78439672031939E-017,6.30759729636372E-017,5.85175494008853E-017,5.41786351556083E-017,5.00650998602265E-017,4.61793849719079E-017
6.37141369235732E-018,1.34460279881975E-017,2.12468735712759E-017,2.97894412729997E-017,3.90794210231017E-017,4.91100036540994E-017,5.98586732247309E-017,7.12834065328415E-017,8.33181839297347E-017,9.58677012187623E-017,1.088011560889E-016,1.2194496393981E-016,1.35074236808639E-016,1.36214920541467E-016,1.36006053274789E-016,1.34625335183701E-016,1.32246250232442E-016,1.2903370741786E-016,1.25141215530696E-016,1.20709219738531E-016,1.15864305929114E-016,1.10719041436331E-016,1.05372271238425E-016,9.99097292211117E-017,9.44048564899254E-017,8.89197445183621E-017,8.35061413797146E-017,7.82064754535419E-017,7.30548636590305E-017,6.80780811295513E-017,6.32964768621458E-017,5.87248257047865E-017,5.43731114502963E-017,5.0247239085978E-017,4.63496766424412E-017
6.40590699778818E-018,1.35159396776222E-017,2.13528228062851E-017,2.99317029469216E-017,3.92578906659924E-017,4.93241679194953E-017,6.01075889091637E-017,7.15656918343925E-017,8.36320265604096E-017,9.62108890745277E-017,1.09171137482563E-016,1.22338945952322E-016,1.35489332156435E-016,1.36630026081714E-016,1.36418668189436E-016,1.35033229408483E-016,1.32647457554484E-016,1.29426517111223E-016,1.25524162201087E-016,1.21081071377856E-016,1.16224050381824E-016,1.11065871590173E-016,1.05705569299939E-016,1.00229050442057E-016,9.47099126897236E-017,8.92103877107721E-017,8.37823477669603E-017,7.84683300034083E-017,7.33025454335808E-017,6.8311849490362E-017,6.35166586376062E-017,5.89318033707096E-017,5.45673123460036E-017,5.04291256640064E-017,4.65197377307498E-017
6.44047326637158E-018,1.35859822366964E-017,2.1458944688856E-017,3.00741621328201E-017,3.94365653264739E-017,4.95385272907503E-017,6.03566727354725E-017,7.18481020705835E-017,8.39459359235621E-017,9.6554072113378E-017,1.09541031121043E-016,1.22732747997243E-016,1.35904148080367E-016,1.37044804669116E-016,1.36830914193354E-016,1.35440719093067E-016,1.33048231428311E-016,1.29818871261279E-016,1.25906637897137E-016,1.21452442943312E-016,1.16583311526915E-016,1.11412220513047E-016,1.06038392909083E-016,1.00547908059452E-016,9.50145195736898E-017,8.95005987012228E-017,8.4058141311532E-017,7.87297927759428E-017,7.3549857710264E-017,6.8545271405689E-017,6.37365174035575E-017,5.91384815087084E-017,5.47612369525567E-017,5.06107587072711E-017,4.66895673562885E-017
6.47511237473284E-018,1.36561553789082E-017,2.15652387427657E-017,3.02168181522258E-017,3.96154441256668E-017,4.97530807045154E-017,6.06059234849533E-017,7.21306359080384E-017,8.42599106211567E-017,9.68972489292299E-017,1.09910835650466E-016,1.23126368834087E-016,1.36318683513628E-016,1.37459255292005E-016,1.37242790330138E-016,1.35847803331923E-016,1.33448570992009E-016,1.30210769040941E-016,1.26288641817296E-016,1.21823333649882E-016,1.16942088587705E-016,1.11758087429584E-016,1.06370741286117E-016,1.0086630128491E-016,9.53186763418979E-017,8.97903766766506E-017,8.43335211867906E-017,7.89908629314987E-017,7.37967996378325E-017,6.87783460147635E-017,6.39560522923024E-017,5.9344859247114E-017,5.49548843975027E-017,5.0792137345837E-017,4.68591646549545E-017
6.50982419990415E-018,1.37264588187256E-017,2.16717044935177E-017,3.03596703293086E-017,3.97945261883851E-017,4.99678271022906E-017,6.08553399449579E-017,7.24132920206375E-017,8.457394926355E-017,9.72404181254085E-017,1.10280549727219E-016,1.23519807233284E-016,1.3673293740076E-016,1.37873376950871E-016,1.37654295656361E-016,1.36254481233342E-016,1.33848475398334E-016,1.30602209638623E-016,1.26670173176316E-016,1.22193742729595E-016,1.17300380805242E-016,1.12103471582728E-016,1.06702613670093E-016,1.01184229349207E-016,9.56223822138388E-017,9.0079720843541E-017,8.46084865856596E-017,7.92515396498909E-017,7.40433703842913E-017,6.90110724757603E-017,6.4175262454688E-017,5.95509357323225E-017,5.51482538259056E-017,5.09732607266787E-017,4.70285287788998E-017
6.5446086193224E-018,1.37968922715899E-017,2.17783414683315E-017,3.05027179908616E-017,3.99738106431134E-017,5.01827654303945E-017,6.11049209088555E-017,7.26960690894701E-017,8.48880504694339E-017,9.75835783145814E-017,1.10650172017875E-016,1.23913061976094E-016,1.37146908697556E-016,1.38287168658257E-016,1.38065429241464E-016,1.36660751919306E-016,1.34247943814565E-016,1.30993192258082E-016,1.27051231205079E-016,1.22563669431347E-016,1.176581874381E-016,1.12448372233527E-016,1.07034009318644E-016,1.01501691502063E-016,9.59256364281933E-017,9.03686304276989E-017,8.4883036720395E-017,7.95118221301663E-017,7.42895691366709E-017,6.92434499655757E-017,6.43941470598886E-017,5.97567101285848E-017,5.5341344400143E-017,5.1154128013486E-017,4.71976588963465E-017
6.57946551082705E-018,1.38674554539114E-017,2.18851491961334E-017,3.06459604662864E-017,4.01532966219854E-017,5.03978946399352E-017,6.13546651759943E-017,7.29789658027869E-017,8.52022128657778E-017,9.79267281186909E-017,1.11019701199114E-016,1.24306131854523E-016,1.37560596370967E-016,1.3870062943865E-016,1.3847619016763E-016,1.37066614525356E-016,1.34646975422355E-016,1.31383716118253E-016,1.27431815150424E-016,1.22933113020712E-016,1.18015507762186E-016,1.12792788660924E-016,1.07364927507766E-016,1.01818687011919E-016,9.62284382426063E-017,9.06571046740211E-017,8.51571708223563E-017,7.9771709590377E-017,7.45353951008039E-017,6.94754776796064E-017,6.46127052951914E-017,5.99621816177984E-017,5.5534155299706E-017,5.13347383864724E-017,4.73665541914034E-017
6.61439475265798E-018,1.39381480830635E-017,2.19921272075466E-017,3.07893970875776E-017,4.03329832607615E-017,5.06132136867804E-017,6.16045715516635E-017,7.32619808559527E-017,8.55164350877731E-017,9.82698661688887E-017,1.11389135957651E-016,1.24699015671234E-016,1.37973999399007E-016,1.39113758328374E-016,1.3888657752967E-016,1.37472068200459E-016,1.35045569417587E-016,1.31773780453098E-016,1.27811924274974E-016,1.2330207277976E-016,1.18372341070543E-016,1.13136720161559E-016,1.07695367531607E-016,1.02135215165717E-016,9.65307869334659E-017,9.09451428462711E-017,8.54308881417818E-017,8.00312012673559E-017,7.4780847501102E-017,6.97071548315329E-017,6.48309363657841E-017,6.01673493993023E-017,5.5726685721001E-017,5.15150910421845E-017,4.75352138638851E-017
6.64939622345342E-018,1.40089698773774E-017,2.20992750348814E-017,3.09330271893077E-017,4.05128696988076E-017,5.08287215315284E-017,6.18546388470558E-017,7.35451129514003E-017,8.58307157787765E-017,9.86129911054705E-017,1.11758474990158E-016,1.25091712239469E-016,1.38387116770662E-016,1.39526554375492E-016,1.39296590434903E-016,1.3787711210688E-016,1.35443725010237E-016,1.32163384511446E-016,1.28191557856968E-016,1.23670548006877E-016,1.18728686673161E-016,1.13480166049562E-016,1.08025328702256E-016,1.02451275268692E-016,9.68326817956823E-017,9.12327442268574E-017,8.57041879475653E-017,8.02902964164947E-017,7.50259255803378E-017,6.99384806531037E-017,6.50488394945449E-017,6.03722126896725E-017,5.59189348771534E-017,5.1695185193314E-017,4.77036371291322E-017
6.6844698022478E-018,1.40799205561371E-017,2.22065922121259E-017,3.1076850108612E-017,4.06929550790733E-017,5.10444171394787E-017,6.210486587923E-017,7.38283607985834E-017,8.6145053590255E-017,9.89561015778108E-017,1.12127717003192E-016,1.2548422038296E-016,1.38799947485794E-016,1.39939016639696E-016,1.39706228003047E-016,1.38281745420053E-016,1.35841441424224E-016,1.32552527556839E-016,1.28570715190096E-016,1.24038538016585E-016,1.19084543896784E-016,1.13823125656357E-016,1.08354810349542E-016,1.02766866644149E-016,9.71341221424711E-017,9.15199081166135E-017,8.59770695270355E-017,8.05489943115242E-017,7.52706285994273E-017,7.01694543939222E-017,6.52664139218349E-017,6.05767707225214E-017,5.61109019978134E-017,5.18750200685122E-017,4.78718232178342E-017
6.71961536846975E-018,1.41509998395739E-017,2.23140782749365E-017,3.12208651851742E-017,4.08732385480709E-017,5.12602994806036E-017,6.2355251471074E-017,7.4111723113932E-017,8.64594471817307E-017,9.92991962442993E-017,1.12496860713119E-016,1.2587653893585E-016,1.39212490555053E-016,1.40351144192208E-016,1.40115489366096E-016,1.38685967328456E-016,1.36238717897278E-016,1.3294120886738E-016,1.28949395583331E-016,1.24406042139363E-016,1.19439912084728E-016,1.14165598330464E-016,1.08683811820821E-016,1.0308198863326E-016,9.74351073051383E-017,9.18066338345801E-017,8.62495321857381E-017,8.08072942442976E-017,7.55149558372152E-017,7.04000753212365E-017,6.54836589052926E-017,6.07810227482983E-017,5.63025863289642E-017,5.2054594912205E-017,4.80397713758537E-017
6.75483280193994E-018,1.42222074488616E-017,2.24217327606284E-017,3.13650717612113E-017,4.10537192558538E-017,5.14763675295198E-017,6.26057944512679E-017,7.43951986208061E-017,8.67738952207264E-017,9.96422737722766E-017,1.12865904846045E-016,1.2626866674261E-016,1.39624744999787E-016,1.40762936115679E-016,1.40524373668215E-016,1.39089777033484E-016,1.36635553680798E-016,1.33329427735582E-016,1.29327598360767E-016,1.24773059721478E-016,1.19794790596687E-016,1.14507583437306E-016,1.09012332480779E-016,1.03396640594851E-016,9.77356366328671E-017,9.20929207177905E-017,8.652157524722E-017,8.10651955245753E-017,7.57589065902631E-017,7.06303427197308E-017,6.57005737196304E-017,6.09849680340923E-017,5.64939871327318E-017,5.22339089844113E-017,4.82074808640526E-017
6.79012198286907E-018,1.42935431061109E-017,2.25295552081664E-017,3.15094691814589E-017,4.12343963559959E-017,5.16926202654596E-017,6.28564936542484E-017,7.46787860494508E-017,8.70883963827119E-017,9.99853328379717E-017,1.13234848137741E-016,1.2666060265796E-016,1.40036709851948E-016,1.41174391504086E-016,1.40932880065624E-016,1.39493173749327E-016,1.37031948039714E-016,1.33717183468219E-016,1.29705322861457E-016,1.25139590124804E-016,1.20149178808557E-016,1.14849080359013E-016,1.09340371711232E-016,1.037108219052E-016,9.80357094925084E-017,9.23787681210576E-017,8.67931980528159E-017,8.13226974798129E-017,7.60024801726391E-017,7.08602558913192E-017,6.59171576564343E-017,6.11886058634378E-017,5.66851036871972E-017,5.24129615605627E-017,4.837495095812E-017
6.82548279185584E-018,1.43650065343648E-017,2.26375451581554E-017,3.16540567931572E-017,4.14152690055709E-017,5.19090566722434E-017,6.31073479201718E-017,7.49624841369522E-017,8.74029493510497E-017,1.00328372126439E-016,1.13603689333573E-016,1.27052345546784E-016,1.40448384154009E-016,1.41585509462635E-016,1.41341007726487E-016,1.39896156702841E-016,1.37427900252357E-016,1.34104475386177E-016,1.30082568439255E-016,1.25505632726656E-016,1.2050307611225E-016,1.15190088494232E-016,1.09667928910923E-016,1.04024531957828E-016,9.83353252683724E-017,9.26641754167643E-017,8.70643999614377E-017,8.1579799454951E-017,7.62456759157107E-017,7.10898141549421E-017,6.61334100239641E-017,6.13919355361209E-017,5.68759352862105E-017,5.2591751931325E-017,4.85421809484022E-017
6.86091510988492E-018,1.44365974575929E-017,2.27457021528318E-017,3.17988339460362E-017,4.15963363651315E-017,5.21256757382519E-017,6.33583560948789E-017,7.52462916271926E-017,8.7717552816943E-017,1.00671390331497E-016,1.13972427188431E-016,1.27443894284055E-016,1.4085976695887E-016,1.41996289107663E-016,1.41748755830803E-016,1.40298725133435E-016,1.37823409610316E-016,1.34491302824308E-016,1.30459334462652E-016,1.2587118691962E-016,1.20856481915516E-016,1.15530607257942E-016,1.09995003495332E-016,1.04337770163301E-016,9.86344833620231E-017,9.29491419946547E-017,8.73351803493655E-017,8.18365008122075E-017,7.64884931679392E-017,7.13190168463646E-017,6.63493301469575E-017,6.15949563679892E-017,5.70664812392067E-017,5.27702794024218E-017,4.87091701397344E-017
6.8964188183249E-018,1.45083156006871E-017,2.28540257360538E-017,3.19437999923017E-017,4.1777597598689E-017,5.23424764563981E-017,6.36095170298594E-017,7.55302072708067E-017,8.80322054793823E-017,1.01014386155665E-016,1.14341060466656E-016,1.27835247754756E-016,1.41270857329777E-016,1.42406729566537E-016,1.42156123570299E-016,1.40700878292944E-016,1.38218475418316E-016,1.34877665131286E-016,1.30835620314625E-016,1.26236252111383E-016,1.21209395641764E-016,1.15870636081263E-016,1.10321594896479E-016,1.04650535949031E-016,9.89331831920753E-017,9.3233667261629E-017,8.76055386100414E-017,8.20928009308725E-017,7.67309312946766E-017,7.15478633179769E-017,6.6564917366435E-017,6.17976676907631E-017,5.72567408710237E-017,5.29485432944596E-017,4.88759178512735E-017
6.93199379892635E-018,1.4580160689456E-017,2.29625154532926E-017,3.2088954286621E-017,4.19590518736928E-017,5.25594578241005E-017,6.38608295822168E-017,7.58142298251386E-017,8.83469060450935E-017,1.01357358310106E-016,1.14709587941977E-016,1.282264048538E-016,1.41681654340231E-016,1.42816829977563E-016,1.42563110148319E-016,1.41102615445511E-016,1.38613096994078E-016,1.35263561669461E-016,1.31211425392481E-016,1.26600827724567E-016,1.21561816729888E-016,1.16210174411275E-016,1.10647702562732E-016,1.04962828759076E-016,9.92314241939928E-017,9.35177506415401E-017,8.78754741538656E-017,8.23486992071046E-017,7.69729896779651E-017,7.17763529385974E-017,6.67801710395078E-017,6.20000688518486E-017,5.74467135217225E-017,5.31265429427556E-017,4.90424234163337E-017
6.96763993381978E-018,1.46521324506204E-017,2.30711708516235E-017,3.22342961861091E-017,4.2140698361011E-017,5.27766188432556E-017,6.41122926146334E-017,7.60983580541982E-017,8.86616532284863E-017,1.01700305514561E-016,1.15078008397434E-016,1.28617364485952E-016,1.42092157073904E-016,1.43226589489883E-016,1.4296971477972E-016,1.41503935867472E-016,1.39007273668194E-016,1.35648991814721E-016,1.31586749107701E-016,1.26964913196569E-016,1.21913744634092E-016,1.16549221710832E-016,1.1097332595862E-016,1.05274648053947E-016,9.95292058198904E-017,9.38013915749925E-017,8.81449864079948E-017,8.26041950537306E-017,7.7214667716338E-017,7.20044850932772E-017,6.69950905391873E-017,6.22021592141534E-017,5.76363985464089E-017,5.33042776971666E-017,4.92086861822232E-017
7.00335710551371E-018,1.47242306118081E-017,2.31799914797171E-017,3.23798250503144E-017,4.23225362349099E-017,5.29939585202115E-017,6.43639049953361E-017,7.63825907286186E-017,8.8976445751603E-017,1.02043226497296E-016,1.15446320625316E-016,1.29008125565755E-016,1.42502364624555E-016,1.43636007263387E-016,1.43375936690766E-016,1.41904838847234E-016,1.39401004783995E-016,1.3603395495635E-016,1.31961590885792E-016,1.27328507979395E-016,1.22265178823718E-016,1.16887777458387E-016,1.11298464564644E-016,1.05585993310416E-016,9.98265275383365E-017,9.4084589519143E-017,8.84140748161421E-017,8.28592879000463E-017,7.74559648246235E-017,7.22322591831076E-017,6.72096752541964E-017,6.24039381559033E-017,5.78257953150571E-017,5.34817469219194E-017,4.93747055100829E-017
7.03914519689268E-018,1.4796454901549E-017,2.32889768878302E-017,3.25255402412055E-017,4.25045646730341E-017,5.32114758657407E-017,6.46156655980619E-017,7.6666926625614E-017,8.92912823440675E-017,1.02386119995034E-016,1.1581452342709E-016,1.29398687017452E-016,1.42912276095948E-016,1.44045082468617E-016,1.43781775119022E-016,1.42305323685165E-016,1.39794289697426E-016,1.36418450496888E-016,1.32335950166133E-016,1.276916115395E-016,1.22616118783075E-016,1.17225841147809E-016,1.11623117877092E-016,1.05896864021324E-016,1.00123388834159E-016,9.43673439475047E-017,8.86827388383803E-017,8.31139771916202E-017,7.76968804337505E-017,7.24596746250288E-017,6.74239245887842E-017,6.26054050704624E-017,5.80149032123357E-017,5.3658949995444E-017,4.95404807747259E-017
7.07500409121532E-018,1.48688050492706E-017,2.33981266277973E-017,3.2671441123157E-017,4.26867828563875E-017,5.34291698950143E-017,6.4867573302024E-017,7.69513645289372E-017,8.96061617430352E-017,1.02728984752906E-016,1.16182615613334E-016,1.29789047774913E-016,1.43321890601763E-016,1.44453814286672E-016,1.44187229313253E-016,1.42705389693474E-016,1.40187127776921E-016,1.36802477851994E-016,1.32709826401831E-016,1.2805422335763E-016,1.22966564011276E-016,1.17563412288208E-016,1.11947285407855E-016,1.06207259695391E-016,1.00419789208254E-016,9.4649654349752E-017,8.8950977950946E-017,8.33682623900993E-017,7.79374139905561E-017,7.26867308516416E-017,6.76378379625407E-017,6.28065593661537E-017,5.82037216374348E-017,5.3835886310208E-017,4.97060113644805E-017
7.11093367211243E-018,1.49412807852927E-017,2.35074402530217E-017,3.28175270629361E-017,4.28691899693135E-017,5.36470396275753E-017,6.51196269918783E-017,7.72359032288385E-017,8.99210826931427E-017,1.03071819524384E-016,1.16550596003674E-016,1.30179206781558E-016,1.43731207265518E-016,1.44862201909119E-016,1.44592298533319E-016,1.43105036196102E-016,1.40579518403276E-016,1.37186036450313E-016,1.33083219059571E-016,1.28416342928664E-016,1.23316514022063E-016,1.17900490403761E-016,1.12270966684247E-016,1.06517179857032E-016,1.00715728177392E-016,9.49315202315283E-017,8.92187916460476E-017,8.36221429730167E-017,7.8177564957596E-017,7.29134273110206E-017,6.78514148102154E-017,6.30074004660823E-017,5.83922500038958E-017,5.40125552725525E-017,4.9871296681033E-017
7.14693382358502E-018,1.50138818408231E-017,2.36169173184672E-017,3.29637974296892E-017,4.30517851994756E-017,5.3865084087313E-017,6.53718255576897E-017,7.75205415220239E-017,9.02360439464588E-017,1.03414623071229E-016,1.16918463426712E-016,1.30569162990284E-016,1.44140225220488E-016,1.45270244537898E-016,1.44996982050077E-016,1.43504262528605E-016,1.40971460969524E-016,1.37569125733336E-016,1.33456127619469E-016,1.2877796976146E-016,1.2366596834365E-016,1.18237075033537E-016,1.12594161248827E-016,1.06826624046174E-016,1.01011205274035E-016,9.5212941114256E-017,8.94861794316734E-017,8.38756184336015E-017,7.84173328129561E-017,7.31397634665289E-017,6.80646545815362E-017,6.32079278079609E-017,5.8580487739442E-017,5.41889563025303E-017,5.0036336139273E-017
7.18300443000244E-018,1.50866079479527E-017,2.37265573806493E-017,3.31102515949288E-017,4.32345677378384E-017,5.40833023024368E-017,6.56241678948993E-017,7.78052782116145E-017,9.0551044262435E-017,1.03757394163431E-016,1.17286216719966E-016,1.30958915363391E-016,1.44548943609623E-016,1.45677941385238E-016,1.45401279145276E-016,1.43903068038048E-016,1.41362954880818E-016,1.37951745155272E-016,1.33828551574935E-016,1.29139103378699E-016,1.24014926518554E-016,1.18573165731332E-016,1.12916868659217E-016,1.07135591818067E-016,1.01306220046146E-016,9.54939165349481E-017,8.97531408314035E-017,8.4128688280591E-017,7.86567170500668E-017,7.33657387966367E-017,6.82775567410322E-017,6.34081408439364E-017,5.87684342858123E-017,5.43650888337458E-017,5.02011291671407E-017
7.21914537610048E-018,1.51594588396505E-017,2.38363599976267E-017,3.32568889325194E-017,4.3417536778649E-017,5.43016933054513E-017,6.58766529042915E-017,7.80901121071057E-017,9.08660824078571E-017,1.04100131579153E-016,1.17653854729802E-016,1.31348462872512E-016,1.44957361585465E-016,1.46085291673561E-016,1.45805189111461E-016,1.44301452082891E-016,1.41753999554306E-016,1.38333894182912E-016,1.34200490432523E-016,1.29499743316734E-016,1.24363388103441E-016,1.18908762065493E-016,1.13239088487933E-016,1.07444082743112E-016,1.01600772057008E-016,9.57744460460225E-017,9.00196753842231E-017,8.43813520380446E-017,7.8895717177519E-017,7.35913527947397E-017,6.84901207678561E-017,6.36080390404187E-017,5.89560890985955E-017,5.45409523131956E-017,5.03656752054748E-017
7.25535654697947E-018,1.52324342497593E-017,2.39463247289931E-017,3.34037088186654E-017,4.36006915194174E-017,5.45202561331303E-017,6.61292794919614E-017,7.83750420243271E-017,9.11811571567966E-017,1.04442834104675E-016,1.18021376311371E-016,1.31737804498537E-016,1.45365478310074E-016,1.46492294635394E-016,1.46208711251872E-016,1.44699414032883E-016,1.42144594419013E-016,1.38715572295504E-016,1.34571943711794E-016,1.29859889125442E-016,1.2471135266896E-016,1.19243863618757E-016,1.13560820322204E-016,1.07752096406677E-016,1.01894860885042E-016,9.60545292151175E-017,9.02857826443375E-017,8.463360924516E-017,7.91343327188827E-017,7.38166049689805E-017,6.87023461556108E-017,6.38076218779116E-017,5.9143451647067E-017,5.47165462011125E-017,5.05299737078629E-017
7.29163782810242E-018,1.5305533912991E-017,2.40564511358686E-017,3.35507106318974E-017,4.37840311608987E-017,5.47389898264921E-017,6.63820465692826E-017,7.86600667854025E-017,9.14962672905635E-017,1.04785500534338E-016,1.18388780328547E-016,1.32126939231545E-016,1.45773292954945E-016,1.46898949513289E-016,1.4661184488035E-016,1.4509695326895E-016,1.4253473891572E-016,1.39096778984618E-016,1.34942910945177E-016,1.30219540368069E-016,1.25058819799588E-016,1.1957846998808E-016,1.13882063763809E-016,1.0805963240892E-016,1.02188486123622E-016,9.63341656249104E-017,9.05514621809897E-017,8.48854594560912E-017,7.93725632125265E-017,7.40414948420724E-017,6.89142324121762E-017,6.40068888508452E-017,5.93305214140268E-017,5.48918699708095E-017,5.06940241404932E-017
7.3279891052932E-018,1.53787575649219E-017,2.41667387808917E-017,3.36978937530594E-017,4.39675549070739E-017,5.49578934307745E-017,6.66349530528748E-017,7.89451852187101E-017,9.18114115976583E-017,1.05128129670487E-016,1.18756065653858E-016,1.32515866070733E-016,1.46180804700933E-016,1.47305255559724E-016,1.47014589321235E-016,1.45494069183093E-016,1.4292443249685E-016,1.3947751375402E-016,1.35313391677831E-016,1.3057869662109E-016,1.25405789093476E-016,1.1991258078448E-016,1.14202818428901E-016,1.0836669036462E-016,1.02481647380905E-016,9.66133548729371E-017,9.08167135782801E-017,8.51369022397692E-017,7.96104082114399E-017,7.42660219511241E-017,6.91257790595389E-017,6.420583946741E-017,5.95172978956404E-017,5.50669231085266E-017,5.08578259820074E-017
7.36441026473461E-018,1.54521049419882E-017,2.42771872282108E-017,3.38452575652961E-017,4.41512619651318E-017,5.51769659954098E-017,6.68879978645729E-017,7.92303961588438E-017,9.21265888737249E-017,1.05470720323419E-016,1.19123231168431E-016,1.32904584024343E-016,1.46588012738174E-016,1.47711212037027E-016,1.47416943909276E-016,1.45890761178279E-016,1.43313674626352E-016,1.39857776119549E-016,1.35683385467507E-016,1.30937357474057E-016,1.25752260162291E-016,1.20246195632871E-016,1.14523083947841E-016,1.08673269902999E-016,1.02774344279649E-016,9.68920965714143E-017,9.10815364349874E-017,8.53879371797235E-017,7.98478672830579E-017,7.44901858474673E-017,6.93369856336231E-017,6.44044732493934E-017,5.97037806012795E-017,5.52417051132787E-017,5.10213787233558E-017
7.40090119296665E-018,1.55255757814815E-017,2.43877960434761E-017,3.399280145404E-017,4.43351515454511E-017,5.53962065740008E-017,6.71411799313945E-017,7.95156984465734E-017,9.24417979215046E-017,1.05813271311327E-016,1.19490275761926E-016,1.33293092109597E-016,1.4699491626601E-016,1.48116818217285E-016,1.47818907989532E-016,1.46287028668336E-016,1.4370246477958E-016,1.40237565608988E-016,1.36052891884413E-016,1.31295522529458E-016,1.26098232631066E-016,1.20579314171904E-016,1.14842859965035E-016,1.08979370667555E-016,1.03066576457043E-016,9.71703903470638E-017,9.13459303643926E-017,8.56385638739062E-017,8.00849400090862E-017,7.47139860964852E-017,6.95478516841238E-017,6.46027897320175E-017,5.98899690533664E-017,5.54162154967053E-017,5.11846818676532E-017
7.43746177688463E-018,1.55991698215441E-017,2.44985647938318E-017,3.4140524806999E-017,4.45192228615818E-017,5.5615614224296E-017,6.73944981855094E-017,7.9801090928807E-017,9.27570375507892E-017,1.06155781460246E-016,1.19857198332474E-016,1.33681389352624E-016,1.47401514492909E-016,1.48522073382263E-016,1.48220480917279E-016,1.46682871077852E-016,1.44090802443189E-016,1.4061688176194E-016,1.36421910511084E-016,1.31653191402575E-016,1.2644370613805E-016,1.20911936053808E-016,1.15162146138763E-016,1.09284992315889E-016,1.03358343564531E-016,9.74482358409377E-017,9.16098949941038E-017,8.58887819345186E-017,8.03216259853298E-017,7.4937422277444E-017,6.97583767743418E-017,6.48007884637784E-017,6.00758627872183E-017,5.55904537829215E-017,5.13477349300373E-017
7.47409190373739E-018,1.56728868011648E-017,2.46094930479075E-017,3.42884270141436E-017,4.47034751302274E-017,5.58351880081658E-017,6.76479515642084E-017,8.00865724585519E-017,9.30723065783755E-017,1.06498249604001E-016,1.20223997786617E-016,1.34069474788395E-016,1.47807806636398E-016,1.48926976823315E-016,1.48621662057918E-016,1.4707828784207E-016,1.44478687115013E-016,1.40995724129709E-016,1.36790440942245E-016,1.3201036372134E-016,1.26788680334555E-016,1.21244060944238E-016,1.15480942141026E-016,1.09590134519544E-016,1.03649645267645E-016,9.77256327082471E-017,9.18734299658839E-017,8.61385909878389E-017,8.05579248215224E-017,7.51604939833248E-017,6.99685604810199E-017,6.49984690062879E-017,6.02614613508949E-017,5.57644195083714E-017,5.15105374375274E-017
7.5107914611255E-018,1.57467264601743E-017,2.47205803758107E-017,3.44365074676946E-017,4.48879075712275E-017,5.60549269915784E-017,6.79015390098723E-017,8.0372141894877E-017,9.33876038280197E-017,1.0684067458415E-016,1.20590673039247E-016,1.34457347460653E-016,1.48213791922981E-016,1.49331527841308E-016,1.49022450786884E-016,1.47473278406786E-016,1.44866118303959E-016,1.41374092275176E-016,1.37158482784683E-016,1.32367039126198E-016,1.27133154884812E-016,1.21575688522114E-016,1.15799247657376E-016,1.09894796963832E-016,1.03940481245834E-016,9.80025806181913E-017,9.21365349354795E-017,8.63879906740516E-017,8.07938361411583E-017,7.53832008206593E-017,7.01784023941816E-017,6.51958309341165E-017,6.04467643050464E-017,5.59381122216818E-017,5.16730889288856E-017
7.54756033699947E-018,1.5820688539241E-017,2.48318263491189E-017,3.45847655621108E-017,4.50725194075398E-017,5.62748302445761E-017,6.81552594699422E-017,8.0657798102875E-017,9.37029281303922E-017,1.07183055249938E-016,1.20957223013549E-016,1.34845006421848E-016,1.48619469588068E-016,1.49735725746535E-016,1.49422846489551E-016,1.47867842228251E-016,1.45253095529896E-016,1.41751985772679E-016,1.3752603565712E-016,1.32723217269968E-016,1.27477129465823E-016,1.21906818479473E-016,1.16117062386765E-016,1.10198979347681E-016,1.042308511923E-016,9.82790792537897E-017,9.2399209572452E-017,8.66369806470798E-017,8.10293595813256E-017,7.56055424093652E-017,7.03879021169713E-017,6.53928738346382E-017,6.06317712227634E-017,5.61115314835187E-017,5.18353889544793E-017
7.58439841965799E-018,1.58947727798661E-017,2.49432305408712E-017,3.47332006940767E-017,4.52573098652226E-017,5.64948968412517E-017,6.84091118968882E-017,8.09435399536252E-017,9.4018278323033E-017,1.07525390458239E-016,1.21323646640937E-016,1.3523245073307E-016,1.49024838875903E-016,1.50139569858633E-016,1.49822848561145E-016,1.48261978773069E-016,1.45639618323544E-016,1.42129404207895E-016,1.37893099190078E-016,1.33078897817705E-016,1.27820603767216E-016,1.22237450521315E-016,1.16434386041382E-016,1.10502681383461E-016,1.04520754813832E-016,9.8555128311715E-017,9.26614535600106E-017,8.68855605744185E-017,8.12644947925421E-017,7.58275183825848E-017,7.05970592654963E-017,6.55895973078769E-017,6.08164816894296E-017,5.62846768664447E-017,5.19974370761441E-017
7.62130559774617E-018,1.596897892438E-017,2.50547925255612E-017,3.48818122624903E-017,4.54422781734176E-017,5.67151258597255E-017,6.86630952481803E-017,8.12293663241564E-017,9.43336532503075E-017,1.07867679073505E-016,1.21689942860997E-016,1.3561967946398E-016,1.4942989903949E-016,1.50543059506506E-016,1.50222456406652E-016,1.48655687518097E-016,1.46025686226367E-016,1.42506347177722E-016,1.38259673025759E-016,1.33434080446566E-016,1.28163577491105E-016,1.22567584365453E-016,1.16751218346501E-016,1.10805902796838E-016,1.04810191830644E-016,9.8830727502129E-017,9.29232665948471E-017,8.71337301369702E-017,8.1499241438592E-017,7.6049128386525E-017,7.080587346867E-017,6.57860009663548E-017,6.10008953025735E-017,5.64575479547779E-017,5.215923286705E-017
7.65828176025378E-018,1.60433067159373E-017,2.51665118791287E-017,3.50305996684511E-017,4.56274235643325E-017,5.69355163821216E-017,6.89172084862584E-017,8.15152760974098E-017,9.46490517633621E-017,1.08209919967718E-016,1.22056110621431E-016,1.3600669169275E-016,1.49834649340521E-016,1.50946194028244E-016,1.50621669440733E-016,1.49048967950351E-016,1.46411298790463E-016,1.42882814290163E-016,1.38625756817915E-016,1.33788764845677E-016,1.28506050351943E-016,1.22897219742367E-016,1.17067559040329E-016,1.11108643326603E-016,1.05099161976212E-016,9.91058765485195E-017,9.31846483869724E-017,8.73814890288818E-017,8.17335991963649E-017,7.62703720802987E-017,7.1014344368058E-017,6.59820844349418E-017,6.11850116717251E-017,5.66301443444524E-017,5.23207759115675E-017
7.69532679651352E-018,1.61177558985132E-017,2.52783881789524E-017,3.51795623152483E-017,4.58127452732243E-017,5.71560674945453E-017,6.91714505785026E-017,8.18012681622032E-017,9.49644727200809E-017,1.08552112020337E-016,1.22422148877994E-016,1.36393486505996E-016,1.50239089049307E-016,1.5134897277104E-016,1.51020487087631E-016,1.49441819566908E-016,1.46796455578465E-016,1.4325880516421E-016,1.38991350231729E-016,1.34142950716E-016,1.2884802207639E-016,1.23226356395057E-016,1.17383407873849E-016,1.11410902724525E-016,1.05387664997116E-016,9.93805751875388E-017,9.34455986595549E-017,8.76288369573838E-017,8.19675677556968E-017,7.64912491357687E-017,7.12224716177242E-017,6.61778473507071E-017,6.13688304182709E-017,5.68024656428807E-017,5.24820658051356E-017
7.73244059619932E-018,1.61923262168986E-017,2.53904210038421E-017,3.53286996083485E-017,4.59982425383818E-017,5.73767782870601E-017,6.94258204972042E-017,8.20873414131944E-017,9.52799149850423E-017,1.08894254118248E-016,1.22788056594443E-016,1.36780062998713E-016,1.50643217444707E-016,1.51751395091117E-016,1.51418908781089E-016,1.49834241874806E-016,1.47181156163429E-016,1.4363431942973E-016,1.39356452943686E-016,1.344966377702E-016,1.29189492403165E-016,1.23554994078895E-016,1.17698764610671E-016,1.11712680755192E-016,1.05675700652885E-016,9.96548231688453E-017,9.37061171487608E-017,8.78757736426311E-017,8.22011468192124E-017,7.67117592373925E-017,7.14302548840805E-017,6.63732893627724E-017,6.15523511753126E-017,5.69745114688169E-017,5.26431021541315E-017
7.76962304932458E-018,1.62670174166963E-017,2.55026099340312E-017,3.54780109553845E-017,4.61839146011091E-017,5.75976478536654E-017,6.96803172195366E-017,8.23734947508454E-017,9.55953774294761E-017,1.09236345155714E-016,1.23153832742474E-016,1.37166420274211E-016,1.51047033814054E-016,1.52153460353647E-016,1.51816933964261E-016,1.50226234390955E-016,1.47565400128731E-016,1.44009356727354E-016,1.39721064641457E-016,1.34849825732518E-016,1.29530461082919E-016,1.23883132561486E-016,1.18013629026889E-016,1.1201397719586E-016,1.05963268715835E-016,9.99286202549452E-017,9.39662036035955E-017,8.81222988175456E-017,8.24343361021691E-017,7.69319020820691E-017,7.16376938457363E-017,6.65684101321661E-017,6.17355735875267E-017,5.71462814522214E-017,5.28038845757413E-017
7.80687404624048E-018,1.63418292443165E-017,2.56149545511691E-017,3.56274957661432E-017,4.63697607057089E-017,5.78186752922735E-017,6.99349397275263E-017,8.2659727081387E-017,9.5910858931221E-017,1.09578384034323E-016,1.23519476301669E-016,1.37552557444054E-016,1.51450537453092E-016,1.52555167932673E-016,1.52214562089628E-016,1.50617796642039E-016,1.47949187067969E-016,1.44383916708362E-016,1.40085185023774E-016,1.35202514338641E-016,1.2987092787809E-016,1.24210771622524E-016,1.18328000910925E-016,1.123147918363E-016,1.06250368970922E-016,1.00201966221037E-016,9.42258577857482E-017,8.836841222766E-017,8.26671353323033E-017,7.71516773789877E-017,7.18447881933511E-017,6.67632093316801E-017,6.1918497311025E-017,5.73177752341282E-017,5.29644126978323E-017
7.84419347763433E-018,1.64167614469732E-017,2.57274544383138E-017,3.57771534525541E-017,4.65557800994659E-017,5.8039859704688E-017,7.01896870080249E-017,8.2946037316783E-017,9.62263583746823E-017,1.09920369662945E-016,1.23884986259439E-016,1.37938473627997E-016,1.51853727665904E-016,1.52956517211036E-016,1.5261179261891E-016,1.51008928164426E-016,1.48332516584856E-016,1.44757999034575E-016,1.40448813800315E-016,1.35554703335578E-016,1.30210892562778E-016,1.24537911053651E-016,1.1864188006339E-016,1.12615124478652E-016,1.06537001215584E-016,1.00474860854858E-016,9.44850794694363E-017,8.86141136309645E-017,8.28995442496779E-017,7.73710848494781E-017,7.20515376294878E-017,6.69576866457269E-017,6.21011220132177E-017,5.74889924665119E-017,5.31246861588265E-017
7.88158123452785E-018,1.64918137726793E-017,2.58401091799246E-017,3.59269834286777E-017,4.67419720326302E-017,5.82612001965811E-017,7.044455805268E-017,8.32324243746963E-017,9.654187465079E-017,1.10262300957675E-016,1.24250361610969E-016,1.38324167953923E-016,1.52256603764844E-016,1.53357507580299E-016,1.53008625022989E-016,1.51399628504071E-016,1.48715388293121E-016,1.45131603378245E-016,1.40811950691584E-016,1.35906392481529E-016,1.30550354922604E-016,1.24864550658319E-016,1.1895526629694E-016,1.12914974937272E-016,1.06823165259593E-016,1.0074730395653E-016,9.47438684412533E-017,8.88594027977541E-017,8.31315626065313E-017,7.75901242268618E-017,7.22579418684677E-017,6.71518417701996E-017,6.22834473726774E-017,5.76599328121574E-017,5.32847046075755E-017
7.91903720827549E-018,1.65669859702431E-017,2.59529183618545E-017,3.60769851106946E-017,4.69283357584016E-017,5.84826958774722E-017,7.06995518579079E-017,8.35188871784529E-017,9.68574066569572E-017,1.10604176841793E-016,1.24615601359163E-016,1.38709639557781E-016,1.5265916507047E-016,1.53758138440667E-016,1.53405058781819E-016,1.51789897216431E-016,1.49097801816408E-016,1.45504729421947E-016,1.41174595428795E-016,1.36257581545767E-016,1.30889314754586E-016,1.25190690251656E-016,1.19268159436128E-016,1.13214343038589E-016,1.07108860924906E-016,1.01019295338411E-016,9.50022245000171E-017,8.91042795104777E-017,8.33631901671285E-017,7.78087952563063E-017,7.2464000636228E-017,6.73456744123319E-017,6.24654730790042E-017,5.78305959445304E-017,5.34444677032371E-017
7.95656129056283E-018,1.66422777892641E-017,2.60658815713432E-017,3.62271579168933E-017,4.71148705329124E-017,5.87043458607057E-017,7.09546674248648E-017,8.38054246570081E-017,9.71729532970393E-017,1.1094599624571E-016,1.24980704514588E-016,1.39094887583529E-016,1.53061410911477E-016,1.54158409200919E-016,1.53801093384349E-016,1.52179733866368E-016,1.4947975678818E-016,1.45877376858469E-016,1.41536747753757E-016,1.36608270308511E-016,1.31227771867003E-016,1.25516329660322E-016,1.1958055931727E-016,1.13513228620961E-016,1.07394088045516E-016,1.01290834824945E-016,9.52601474566207E-017,8.93487435635897E-017,8.35944267076141E-017,7.80270976946796E-017,7.26697136701794E-017,6.75391842905613E-017,6.2647198832693E-017,5.80009815476496E-017,5.3603975115152E-017
7.99415337340488E-018,1.67176889801286E-017,2.61789983970099E-017,3.63775012676596E-017,4.73015756152125E-017,5.89261492634301E-017,7.12099037594202E-017,8.40920357449127E-017,9.74885134812926E-017,1.11287758106921E-016,1.25345670095421E-016,1.39479911183068E-016,1.53463340624634E-016,1.54558319278332E-016,1.54196728328438E-016,1.52569138028065E-016,1.49861252851619E-016,1.46249545390709E-016,1.41898407418758E-016,1.36958458560805E-016,1.3156572607927E-016,1.25841468722384E-016,1.19892465788302E-016,1.1381163153453E-016,1.07678846467308E-016,1.01561922252514E-016,9.55176371338839E-017,8.95927947634021E-017,8.38252720158659E-017,7.82450313104071E-017,7.28750807190664E-017,6.77323711343926E-017,6.28286243450019E-017,5.81710893159603E-017,5.37632265227239E-017
8.03181334914444E-018,1.67932192940063E-017,2.62922684288455E-017,3.65280145854654E-017,4.74884502672524E-017,5.91481052065758E-017,7.14652598721285E-017,8.43787193822783E-017,9.78040861263341E-017,1.11629461369961E-016,1.25710497127397E-016,1.39864709516187E-016,1.53864953554711E-016,1.54957868098607E-016,1.54591963120777E-016,1.52958109284934E-016,1.50242289659529E-016,1.4662123473157E-016,1.42259574186456E-016,1.37308146104397E-016,1.31903177221813E-016,1.26166107287176E-016,1.20203878708641E-016,1.14109551641081E-016,1.07963136047914E-016,1.01832557469294E-016,9.57746933664075E-017,8.98364329279391E-017,8.40557258913507E-017,7.84625958833296E-017,7.30801015428285E-017,6.7925234684263E-017,6.30097493378217E-017,5.83409189542088E-017,5.39222216152986E-017
8.06954111045054E-018,1.68688684828458E-017,2.64056912582064E-017,3.66786972948573E-017,4.76754937538683E-017,5.93702128148342E-017,7.17207347782021E-017,8.46654745147442E-017,9.81196701551012E-017,1.11971104986358E-016,1.26075184643752E-016,1.40249281750502E-016,1.54266249054421E-016,1.55357055095797E-016,1.54986797276807E-016,1.53346647229529E-016,1.50622866874238E-016,1.46992444603852E-016,1.42620247829762E-016,1.37657332751625E-016,1.32240125135938E-016,1.26490245215173E-016,1.20514797949055E-016,1.14406988813903E-016,1.08246956656569E-016,1.02102740335108E-016,9.60313160004285E-017,9.00796578867929E-017,8.42857881449823E-017,7.86797912045633E-017,7.32847759124635E-017,6.81177746914091E-017,6.31905735435477E-017,5.85104701773187E-017,5.40809600920461E-017
8.10733655031674E-018,1.69446362993709E-017,2.65192664778067E-017,3.68295488224458E-017,4.78627053427658E-017,5.9592471216637E-017,7.1976327497485E-017,8.49523000934438E-017,9.84352644968117E-017,1.12312687914581E-016,1.26439731685173E-016,1.40633627061395E-016,1.54667226484354E-016,1.55755879712239E-016,1.55381230320642E-016,1.53734751463458E-016,1.51002984167509E-016,1.47363174740155E-016,1.42980428131734E-016,1.3800601832529E-016,1.32576569673711E-016,1.26813882377856E-016,1.2082522339152E-016,1.14703942937647E-016,1.08530308173973E-016,1.02372470721285E-016,9.62875048936766E-017,9.03224694809811E-017,8.45154585989799E-017,7.8896617076361E-017,7.34891036098915E-017,6.83099909177354E-017,6.33710967049519E-017,5.86797427102686E-017,5.42394416618431E-017
8.14519956205961E-018,1.70205224970766E-017,2.66329936817116E-017,3.69805685968944E-017,4.80500843045047E-017,5.98148795441348E-017,7.22320370544248E-017,8.52391950749718E-017,9.87508680869245E-017,1.12654209120001E-016,1.26804137299746E-016,1.41017744631958E-016,1.55067885212911E-016,1.56154341398476E-016,1.55775261784987E-016,1.541224215973E-016,1.51382641220441E-016,1.47733424882771E-016,1.43340114885464E-016,1.38354202658549E-016,1.32912510697831E-016,1.27137018657586E-016,1.21135154929093E-016,1.15000413908195E-016,1.08813190492148E-016,1.02641748510522E-016,9.65432599152334E-017,9.05648675628059E-017,8.47447370867288E-017,7.91130733119751E-017,7.36930844278211E-017,6.85018831356836E-017,6.35513185750568E-017,5.88487362879708E-017,5.43976660431572E-017
8.18313003931705E-018,1.7096526830225E-017,2.674687246533E-017,3.71317560489089E-017,4.82376299124832E-017,6.00374369331763E-017,7.24878624780472E-017,8.55261584213511E-017,9.90664798671001E-017,1.12995667574842E-016,1.27168400542902E-016,1.41401633652937E-016,1.55468224616241E-016,1.56552439613196E-016,1.56168891211066E-016,1.54509657250516E-016,1.51761837723375E-016,1.48103194783588E-016,1.43699307893971E-016,1.38701885594792E-016,1.33247948081512E-016,1.27459653947479E-016,1.21444592465776E-016,1.1529640163252E-016,1.09095603514303E-016,1.02910573596737E-016,9.67985809453919E-017,9.08068519957144E-017,8.49736234526424E-017,7.93291597355214E-017,7.38967181696167E-017,6.86934511281037E-017,6.37312389170115E-017,5.90174506551512E-017,5.45556329639315E-017
8.22112787604678E-018,1.71726490538421E-017,2.68609024254081E-017,3.72831106112262E-017,4.8425341442923E-017,6.02601425232883E-017,7.27438028019287E-017,8.58131891000003E-017,9.93820987851617E-017,1.13337062258135E-016,1.27532520477366E-016,1.41785293322669E-016,1.55868244078181E-016,1.56950173823151E-016,1.56562118148539E-016,1.54896458051367E-016,1.52140573375807E-016,1.48472484203986E-016,1.44058006970095E-016,1.39049066987531E-016,1.33582881708361E-016,1.27781788151273E-016,1.2175353591639E-016,1.15591906028552E-016,1.09377547154694E-016,1.03178945884939E-016,9.70534678755183E-017,9.1048422654161E-017,8.52021175520257E-017,7.95448761818457E-017,7.41000046491674E-017,6.88846946881268E-017,6.39108575039679E-017,5.9185885566231E-017,5.47133421614719E-017
8.25919296652473E-018,1.7248888923713E-017,2.69750831600221E-017,3.7434631718604E-017,4.86132181748539E-017,6.04829954576548E-017,7.29998570641715E-017,8.61002860837013E-017,9.96977237950566E-017,1.13678392155674E-016,1.27896496173107E-016,1.42168722847031E-016,1.5626794299019E-016,1.573475435031E-016,1.56954942155429E-016,1.55282823636828E-016,1.52518847886291E-016,1.48841292914742E-016,1.44416211936387E-016,1.39395746700288E-016,1.3391731147226E-016,1.28103421183212E-016,1.22061985206441E-016,1.15886927025049E-016,1.09659021338495E-016,1.03446865291088E-016,9.73079206079152E-017,9.12895794234708E-017,8.54302192509405E-017,7.97602224963905E-017,7.43029436907571E-017,6.90756136190389E-017,6.40901741189587E-017,5.93540407852092E-017,5.4870793382334E-017
8.2973252053435E-018,1.73252461963787E-017,2.70894142685717E-017,3.75863188078105E-017,4.88012593900984E-017,6.07059948830966E-017,7.32560243073762E-017,8.63874483505676E-017,1.00013353856818E-016,1.14019656259972E-016,1.28260326707288E-016,1.42551921439381E-016,1.5666732075129E-016,1.57744548135731E-016,1.57347362798049E-016,1.55668753652506E-016,1.52896660972351E-016,1.49209620695928E-016,1.4477392262501E-016,1.39741924606483E-016,1.34251237277244E-016,1.28424552967917E-016,1.22369940271996E-016,1.16181464561462E-016,1.09940026001658E-016,1.03714331741957E-016,9.75619390556858E-017,9.1530322199705E-017,8.56579284260718E-017,7.9975198535064E-017,7.45055351289366E-017,6.92662077341557E-017,6.4269188554777E-017,5.95219160855466E-017,5.50279863822125E-017
8.33552448741077E-018,1.74017206291324E-017,2.7203895351773E-017,3.7738171317613E-017,4.89894643732573E-017,6.09291399500519E-017,7.35123035786172E-017,8.66746748840119E-017,1.00328987936527E-016,1.14360853570216E-016,1.28624011164212E-016,1.429348883205E-016,1.57066376768004E-016,1.58141187211598E-016,1.57739379650919E-016,1.5605424775256E-016,1.53274012360392E-016,1.49577467336819E-016,1.45131138877629E-016,1.40087600589319E-016,1.3458465903739E-016,1.28745183440265E-016,1.22677401059554E-016,1.16475518587808E-016,1.10220561090783E-016,1.03981345175004E-016,9.78155231426008E-017,9.17706508895274E-017,8.58852449645961E-017,8.01898041641103E-017,7.4707778808396E-017,6.94564768567003E-017,6.4447900613857E-017,5.96895112500509E-017,5.51849209258311E-017
8.37379070794779E-018,1.74783119800152E-017,2.73185260116519E-017,3.78901886887685E-017,4.91778324116943E-017,6.11524298125554E-017,7.37686939294165E-017,8.69619646727151E-017,1.00644625006274E-016,1.14701983092224E-016,1.28987548635279E-016,1.43317622718542E-016,1.57465110454296E-016,1.58537460229053E-016,1.58130992296701E-016,1.56439305599616E-016,1.53650901785612E-016,1.49944832635791E-016,1.45487860545309E-016,1.40432774541679E-016,1.34917576676697E-016,1.2906531254527E-016,1.22984367525924E-016,1.1676908906454E-016,1.10500626562989E-016,1.04247905538239E-016,9.8068672802965E-017,9.20105654100723E-017,8.61121687640504E-017,8.04040392599808E-017,7.49096745838398E-017,6.96464208196798E-017,6.4626310108156E-017,5.98568260707633E-017,5.53415967868335E-017
8.41212376248785E-018,1.75550200078129E-017,2.74333058515378E-017,3.80423703640123E-017,4.93663627955217E-017,6.13758636282192E-017,7.40251944157183E-017,8.72493167105947E-017,1.00960264044122E-016,1.15043043838401E-016,1.29350938218927E-016,1.43700123868973E-016,1.5786352123151E-016,1.58933366694179E-016,1.5852220032612E-016,1.5682392686469E-016,1.54027328991911E-016,1.50311716400232E-016,1.45844087488419E-016,1.40777446366012E-016,1.35249990128976E-016,1.29384940237964E-016,1.232908396381E-016,1.17062175962421E-016,1.10780222385784E-016,1.04514012790089E-016,9.83213879814872E-017,9.22500656888143E-017,8.63386997322032E-017,8.06179037092077E-017,7.51112223198629E-017,6.98360394657657E-017,6.48044168590375E-017,6.00238603488462E-017,5.54980137476762E-017
8.45052354687475E-018,1.76318444720518E-017,2.75482344760563E-017,3.81947157880488E-017,4.95550548175852E-017,6.1599440558213E-017,7.42818040978642E-017,8.75367299967735E-017,1.01275904034072E-016,1.15384034827694E-016,1.29714179020594E-016,1.44082391014522E-016,1.5826160852831E-016,1.59328906120723E-016,1.58913003337893E-016,1.57208111227104E-016,1.54403293731806E-016,1.50678118446443E-016,1.46199819576521E-016,1.41121615974231E-016,1.3558189933773E-016,1.29704066483275E-016,1.23596817373137E-016,1.17354779262399E-016,1.11059348536937E-016,1.04779666899274E-016,9.85736686331503E-017,9.24891516634391E-017,8.65648377869273E-017,8.08313974082779E-017,7.5312421890827E-017,7.0025332647174E-017,6.49822206971557E-017,6.01906138944719E-017,5.56541715995217E-017
8.48898995726127E-018,1.77087851329954E-017,2.76633114911232E-017,3.83472244075406E-017,4.974390777345E-017,6.18231597672441E-017,7.45385220405677E-017,8.78242035355494E-017,1.0159154396602E-016,1.15724955085552E-016,1.3007727015266E-016,1.44464423405121E-016,1.58659371780623E-016,1.59724078030033E-016,1.59303400938657E-016,1.57591858374411E-016,1.54778795766346E-016,1.51044038599549E-016,1.4655505668828E-016,1.414652832876E-016,1.35913304256052E-016,1.30022691255916E-016,1.23902300718035E-016,1.17646898955483E-016,1.11338005004351E-016,1.05044867844677E-016,9.8825514723083E-017,9.27278232817162E-017,8.6790582856073E-017,8.10445202635091E-017,7.55132731807397E-017,7.02143002255473E-017,6.51597214623416E-017,6.03570865267125E-017,5.58100701421334E-017
8.52752289010768E-018,1.77858417516407E-017,2.77785365039376E-017,3.84998956710982E-017,4.99329209613859E-017,6.2047020423539E-017,7.47953473128898E-017,8.81117363363641E-017,1.01907182835726E-016,1.16065803643885E-016,1.30440210734403E-016,1.44846220297859E-016,1.59056810431579E-016,1.60118881950992E-016,1.59693392742896E-016,1.57975168002314E-016,1.55153834865024E-016,1.51409476693403E-016,1.4690979871136E-016,1.41808448236637E-016,1.36244204846506E-016,1.30340814540265E-016,1.24207289669613E-016,1.17938535042616E-016,1.11616191785939E-016,1.05309615615218E-016,9.90769262264334E-017,9.29660805013722E-017,8.70159348773431E-017,8.12572721909267E-017,7.57137760831347E-017,7.04029420718378E-017,6.53369190034898E-017,6.05232780734317E-017,5.59657091837715E-017
8.56612224218028E-018,1.78630140897142E-017,2.78939091229755E-017,3.86527290292708E-017,5.01220936823533E-017,6.22710216988231E-017,7.50522789882143E-017,8.83993274137731E-017,1.02222819644776E-016,1.16406579541014E-016,1.30802999891953E-016,1.4522778095692E-016,1.59453923931452E-016,1.60513317419953E-016,1.60082978372871E-016,1.58358039814591E-016,1.55528410805694E-016,1.51774432570498E-016,1.47264045542326E-016,1.42151110761003E-016,1.36574601081021E-016,1.30658436330252E-016,1.24511784234396E-016,1.18229687534562E-016,1.11893908889501E-016,1.05573910209728E-016,9.93279031282439E-017,9.32039232899665E-017,8.72408937981701E-017,8.14696531161429E-017,7.59139305009523E-017,7.05912580661922E-017,6.55138131784467E-017,6.06891883711769E-017,5.61210885410897E-017
8.60478791054985E-018,1.79403019096686E-017,2.80094289579835E-017,3.88057239345355E-017,5.03114252399886E-017,6.24951627683024E-017,7.5309316144223E-017,8.86869757874158E-017,1.02538453400545E-016,1.16747281821638E-016,1.3116563675824E-016,1.45609104653538E-016,1.59850711737606E-016,1.60907383980676E-016,1.60472157458554E-016,1.58740473523014E-016,1.55902523374489E-016,1.52138906081875E-016,1.47617797086548E-016,1.42493270809405E-016,1.36904492940783E-016,1.30975556629246E-016,1.24815784428495E-016,1.18520356451779E-016,1.12171156332599E-016,1.05837751636828E-016,9.95784454233267E-017,9.34413516247674E-017,8.74654595755933E-017,8.16816629742359E-017,7.61137363464223E-017,7.07792480978369E-017,6.56904038539001E-017,6.08548172650727E-017,5.62762080390334E-017
8.64351979259025E-018,1.80177049746795E-017,2.81250956199725E-017,3.89588798412878E-017,5.05009149405904E-017,6.27194428106443E-017,7.5566457862872E-017,8.8974680481985E-017,1.02854083116162E-016,1.1708790953679E-016,1.31528120472952E-016,1.45990190665941E-016,1.60247173314435E-016,1.61301081184265E-016,1.6086092963755E-016,1.59122468847278E-016,1.56276172365735E-016,1.52502897087033E-016,1.47971053258107E-016,1.42834928339489E-016,1.37233880416126E-016,1.31292175449946E-016,1.25119290277493E-016,1.188105418243E-016,1.12447934142438E-016,1.06101139914804E-016,9.98285531161416E-017,9.36783654926306E-017,8.76896321761383E-017,8.18933017096311E-017,7.6313193540948E-017,7.09669120649656E-017,6.586669090527E-017,6.1020164608716E-017,5.64310675107388E-017
8.68231778597689E-018,1.80952230486409E-017,2.82409087212108E-017,3.91121962058316E-017,5.06905620931056E-017,6.29438610079589E-017,7.58237032303674E-017,8.92624405271977E-017,1.03169707810477E-016,1.17428461743791E-016,1.31890450182482E-016,1.46371038279298E-016,1.60643308133305E-016,1.61694408589104E-016,1.61249294555035E-016,1.59504025514921E-016,1.56649357581871E-016,1.52866405453842E-016,1.48323813979698E-016,1.43176083317743E-016,1.37562763506429E-016,1.31608292814263E-016,1.25422301816329E-016,1.1910024369162E-016,1.12724242355747E-016,1.0636407507149E-016,1.00078226220675E-016,9.39149648898776E-017,8.79134115756975E-017,8.21045692759843E-017,7.65123020149908E-017,7.11542498746268E-017,6.60426742166E-017,6.11852302640713E-017,5.65856667974334E-017
8.72118178868532E-018,1.81728558961628E-017,2.83568678752184E-017,3.92656724863696E-017,5.08803660091151E-017,6.316841654578E-017,7.60810513371414E-017,8.95502549577653E-017,1.0348532650802E-016,1.17768937506217E-016,1.32252625039888E-016,1.46751646785673E-016,1.61039115672503E-016,1.62087365760799E-016,1.61637251863687E-016,1.59885143261252E-016,1.57022078833367E-016,1.53229431058454E-016,1.48676079182536E-016,1.43516735719395E-016,1.37891142220006E-016,1.31923908753218E-016,1.25724819089185E-016,1.19389462102579E-016,1.1300008101866E-016,1.06626557144142E-016,1.00327464760319E-016,9.41511498221771E-017,8.81367977594119E-017,8.23154656360646E-017,7.67110617079569E-017,7.13412614426139E-017,6.6218353680451E-017,6.13500141013685E-017,5.67400057483368E-017
8.76011169898978E-018,1.82506032825668E-017,2.84729726967606E-017,3.94193081429935E-017,5.10703260028203E-017,6.33931086130472E-017,7.63385012778284E-017,8.98381228133651E-017,1.03800938238971E-016,1.18109335893852E-016,1.32614644204845E-016,1.47132015483966E-016,1.61434595417178E-016,1.62479952272111E-016,1.62024801223614E-016,1.60265821829278E-016,1.57394335938645E-016,1.53591973785218E-016,1.49027848806265E-016,1.43856885528316E-016,1.38219016574009E-016,1.3223902330683E-016,1.26026842149377E-016,1.19678197115242E-016,1.13275450186597E-016,1.06888586179327E-016,1.00576268767756E-016,9.43869203044267E-017,8.83597907215544E-017,8.25259907616399E-017,7.69094725680847E-017,7.15279466933556E-017,6.63937291977946E-017,6.15145159990005E-017,5.68940842205636E-017
8.79910741546173E-018,1.83284649738829E-017,2.85892228018414E-017,3.95731026376743E-017,5.12604413910293E-017,6.36179364020871E-017,7.6596052151242E-017,9.01260431386101E-017,1.04116542039126E-016,1.18449655982651E-016,1.32976506843597E-016,1.4751214367987E-016,1.61829746859285E-016,1.628721677029E-016,1.62411942302292E-016,1.60646060969626E-016,1.57766128723997E-016,1.5395403352659E-016,1.49379122798863E-016,1.44196532736921E-016,1.38546386594318E-016,1.32553636524011E-016,1.26328371059237E-016,1.19966448796791E-016,1.13550349924152E-016,1.07150162232802E-016,1.00824638284835E-016,9.46222763606358E-017,8.85823904654139E-017,8.27361446333633E-017,7.71075345523337E-017,7.17143055598078E-017,6.65688006779094E-017,6.16787358434225E-017,5.70479020790263E-017
8.83816883696847E-018,1.84064407368465E-017,2.87056178076978E-017,3.97270554342529E-017,5.14507114931433E-017,6.38428991085951E-017,7.68537030603511E-017,9.04140149830215E-017,1.04432136949859E-016,1.187898968547E-016,1.33338212128915E-016,1.47892030685817E-016,1.62224569497533E-016,1.63264011640061E-016,1.62798674774497E-016,1.61025860440475E-016,1.58137457023506E-016,1.54315610183053E-016,1.49729901116554E-016,1.44535677346074E-016,1.38873252315446E-016,1.32867748462456E-016,1.26629405890012E-016,1.20254217223409E-016,1.13824780304977E-016,1.07411285369398E-016,1.01072573362463E-016,9.48572180238105E-017,8.8804597003181E-017,8.29459272406599E-017,7.73052476262743E-017,7.19003379833465E-017,6.67435680382766E-017,6.18426735290524E-017,5.72014591963404E-017
8.87729586267169E-018,1.84845303388939E-017,2.88221573327936E-017,3.98811659984306E-017,5.16411356311433E-017,6.40679959316176E-017,7.71114531122572E-017,9.07020374009992E-017,1.04747722018089E-016,1.19130057598175E-016,1.3369975924005E-016,1.48271675820928E-016,1.62619062837332E-016,1.63655483677467E-016,1.63184998322236E-016,1.61405220007484E-016,1.58508320678973E-016,1.5467670366303E-016,1.50080183723716E-016,1.44874319364989E-016,1.39199613780432E-016,1.33181359188541E-016,1.26929946721748E-016,1.20541502480171E-016,1.14098741411665E-016,1.07671955662908E-016,1.01320074060485E-016,9.50917453358389E-017,8.90264103558354E-017,8.3155338581617E-017,7.75026117639795E-017,7.20860439136623E-017,6.69180312044782E-017,6.20063289581725E-017,5.73547554527293E-017
8.91648839202606E-018,1.85627335481602E-017,2.89388409968131E-017,4.00354337977597E-017,5.18317131295763E-017,6.42932260735335E-017,7.73693014181709E-017,9.09901094517939E-017,1.05063296296248E-016,1.19470137307306E-016,1.3406114736269E-016,1.48651078410965E-016,1.63013226390733E-016,1.64046583415908E-016,1.63570912634688E-016,1.61784139443716E-016,1.58878719539832E-016,1.55037313882801E-016,1.50429970592792E-016,1.45212458811142E-016,1.39525471040748E-016,1.33494468777221E-016,1.27229993643189E-016,1.20828304660934E-016,1.14372233335644E-016,1.07932173195973E-016,1.01567140447575E-016,9.53258583473786E-017,8.92478305530335E-017,8.33643786628726E-017,7.76996269479169E-017,7.22714233086553E-017,6.70921901100955E-017,6.21697020408311E-017,5.7507790735931E-017
8.95574632477788E-018,1.86410501334746E-017,2.90556684206553E-017,4.01898583016339E-017,5.20224433155424E-017,6.4518588740037E-017,7.76272470933896E-017,9.1278230199479E-017,1.05378858842245E-016,1.19810135082331E-016,1.34422375688917E-016,1.49030237788283E-016,1.63407059676381E-016,1.64437310463032E-016,1.63956417408134E-016,1.62162618529574E-016,1.59248653463079E-016,1.55397440766419E-016,1.50779261704202E-016,1.45550095710167E-016,1.39850824156193E-016,1.33807077311923E-016,1.27529546751664E-016,1.21114623868223E-016,1.14645256177063E-016,1.08191938059969E-016,1.01813772601119E-016,9.55595571177446E-017,8.94688576329983E-017,8.35730474995075E-017,7.78962931688426E-017,7.24564761343322E-017,6.72660446966091E-017,6.23327926947472E-017,5.7660564941106E-017
8.99506956096361E-018,1.8719479864358E-017,2.91726392264275E-017,4.03444389812794E-017,5.22133255186814E-017,6.47440831401193E-017,7.78852892572744E-017,9.15663987129222E-017,1.05694408719436E-016,1.20150050029468E-016,1.34783443417157E-016,1.49409153291778E-016,1.6380056221946E-016,1.64827664433287E-016,1.64341512345897E-016,1.62540657052725E-016,1.59618122313194E-016,1.55757084245631E-016,1.51128057046257E-016,1.45887230095775E-016,1.40175673194804E-016,1.34119184884447E-016,1.27828606152989E-016,1.21400460213132E-016,1.14917810044684E-016,1.08451250354896E-016,1.02059970607107E-016,9.5792841714799E-017,8.96894916424097E-017,8.37813451149377E-017,7.80926104256956E-017,7.26412023647032E-017,6.74395949132993E-017,6.24956008452142E-017,5.78130779707451E-017
9.03445800090855E-018,1.87980225110191E-017,2.92897530374401E-017,4.04991753097454E-017,5.24043590711597E-017,6.49697084860515E-017,7.81434270332278E-017,9.18546140657586E-017,1.06009944996586E-016,1.20489881260865E-016,1.35144349752147E-016,1.49787824266843E-016,1.64193733551642E-016,1.65217644947866E-016,1.64726197158273E-016,1.62918254808036E-016,1.59987125962064E-016,1.56116244259795E-016,1.51476356615067E-016,1.46223862009653E-016,1.40500018232753E-016,1.34430791594864E-016,1.28127171961358E-016,1.21685813815209E-016,1.15189895055769E-016,1.08710110189272E-016,1.02305734560023E-016,9.60257122148417E-017,8.99097326362963E-017,8.39892715408076E-017,7.82885787254944E-017,7.28256019816818E-017,6.76128407171493E-017,6.26581264250058E-017,5.79653297345795E-017
9.07391154522546E-018,1.88766778443515E-017,2.94070094781997E-017,4.06540667618951E-017,5.25955433076572E-017,6.5195463993367E-017,7.84016595486716E-017,9.21428753363622E-017,1.06325466747842E-016,1.20829627894573E-016,1.35505093904881E-016,1.50166250065319E-016,1.64586573211031E-016,1.65607251634645E-016,1.65110471562475E-016,1.63295411597499E-016,1.60355664288915E-016,1.564749207558E-016,1.51824160414463E-016,1.46559991501378E-016,1.40823859354254E-016,1.3474189755142E-016,1.28425244299244E-016,1.21970684802357E-016,1.15461511335981E-016,1.08968517680021E-016,1.02551064562737E-016,9.62581687025021E-017,9.01295806779291E-017,8.41968268168851E-017,7.84841980832333E-017,7.30096749749835E-017,6.77857820727468E-017,6.28203693742829E-017,5.81173201494911E-017
9.11343009481316E-018,1.89554456359299E-017,2.95244081744041E-017,4.08091128143966E-017,5.27868775653547E-017,6.54213488808439E-017,7.86599859350242E-017,9.24311816078197E-017,1.06640973052695E-016,1.21169289054498E-016,1.35865675092577E-016,1.50544430045444E-016,1.64979080742118E-016,1.65996484128128E-016,1.65494335282567E-016,1.63672127230172E-016,1.6072373718023E-016,1.56833113687988E-016,1.52171468455907E-016,1.46895618628325E-016,1.41147196651469E-016,1.35052502870432E-016,1.28722823297292E-016,1.22255073310725E-016,1.15732659019269E-016,1.09226472952368E-016,1.02795960726394E-016,9.64902112706323E-017,9.03490358387146E-017,8.44040109909575E-017,7.86794685217811E-017,7.31934213420275E-017,6.79584189521891E-017,6.29823296405005E-017,5.82690491394238E-017
9.15301355085522E-018,1.90343256580072E-017,2.96419487529361E-017,4.09643129457138E-017,5.29783611839208E-017,6.56473623704884E-017,7.89184053276791E-017,9.27195319679025E-017,1.06956462995952E-016,1.21508863870372E-016,1.36226092538625E-016,1.50922363571811E-016,1.65371255695724E-016,1.66385342069395E-016,1.65877788049401E-016,1.64048401522103E-016,1.6109134452968E-016,1.57190823018074E-016,1.5251828075841E-016,1.47230743455579E-016,1.41470030224411E-016,1.35362607676196E-016,1.29019909094224E-016,1.2253897948461E-016,1.1600333824777E-016,1.09483976139733E-016,1.03040423170314E-016,9.67218400202017E-017,9.05680981980913E-017,8.46108241187284E-017,7.88743900717804E-017,7.33768410878387E-017,6.81307513349883E-017,6.31440071783176E-017,5.84205166352961E-017
9.19266181481857E-018,1.91133176835111E-017,2.97596308418575E-017,4.11196666360976E-017,5.31699935054992E-017,6.58735036875172E-017,7.9176916865983E-017,9.30079255090401E-017,1.072719356677E-016,1.21848351477711E-016,1.36586345472555E-016,1.51300050015321E-016,1.65763097628952E-016,1.66773825106038E-016,1.6626082960056E-016,1.64424234296267E-016,1.61458486238054E-016,1.57548048715068E-016,1.52864597348446E-016,1.47565366055848E-016,1.41792360180859E-016,1.35672212100886E-016,1.29316501836738E-016,1.22822403476348E-016,1.16273549171702E-016,1.09741027383623E-016,1.0328445202188E-016,9.69530550601918E-017,9.07867678434254E-017,8.48172662637162E-017,7.90689627715479E-017,7.35599342249507E-017,6.83027792079768E-017,6.33054019495054E-017,5.85717225749144E-017
9.2323747884522E-018,1.91924214860408E-017,2.98774540704038E-017,4.12751733675768E-017,5.3361773874696E-017,6.60997720603407E-017,7.94355196932136E-017,9.32963613282936E-017,1.07587390163279E-016,1.22187751017778E-016,1.36946433129986E-016,1.51677488753133E-016,1.66154606105138E-016,1.67161932892113E-016,1.66643459680291E-016,1.647996253825E-016,1.61825162213183E-016,1.57904790755198E-016,1.53210418259874E-016,1.47899486509372E-016,1.42114186636259E-016,1.35981316284464E-016,1.29612601679406E-016,1.23105345446221E-016,1.16543291949262E-016,1.09997626833534E-016,1.03528047416442E-016,9.71838565074934E-017,9.10050448699088E-017,8.50233374971529E-017,7.92631866669757E-017,7.37427007733097E-017,6.84745025652153E-017,6.34665139228592E-017,5.87226669028872E-017
9.27215237378583E-018,1.92716368398639E-017,2.99954180689782E-017,4.14308326239494E-017,5.35537016385674E-017,6.63261667205465E-017,7.96942129565589E-017,9.3584838527329E-017,1.07902825583246E-016,1.22527061637551E-016,1.37306354752591E-016,1.52054679168621E-016,1.665457806938E-016,1.67549665088082E-016,1.67025678039454E-016,1.65174574617434E-016,1.62191372369871E-016,1.58261049121835E-016,1.53555743533855E-016,1.48233104903842E-016,1.42435509713635E-016,1.3628992037458E-016,1.29908208784582E-016,1.2338780556235E-016,1.16812566746525E-016,1.10253774646845E-016,1.03771209497207E-016,9.74142444868041E-017,9.12229293804579E-017,8.52290378978853E-017,7.94570618114345E-017,7.39251407601804E-017,6.86459214079009E-017,6.36273430741091E-017,5.88733495705403E-017
9.31199447312853E-018,1.93509635199131E-017,3.01135224691458E-017,4.15866438907739E-017,5.37457761466069E-017,6.65526869028821E-017,7.99529958070952E-017,9.38733562123908E-017,1.08218241033344E-016,1.2286628248968E-016,1.37666109588054E-016,1.52431620651329E-016,1.66936620970588E-016,1.67937021360758E-016,1.67407484435453E-016,1.6554908184443E-016,1.62557116629825E-016,1.58616823805416E-016,1.53900573218769E-016,1.4856622133431E-016,1.42756329543505E-016,1.36598024526482E-016,1.302033233223E-016,1.23669784000602E-016,1.17081373737342E-016,1.10509470988716E-016,1.04013938415142E-016,9.76442191305267E-017,9.14404214856135E-017,8.54343675522761E-017,7.96505882656768E-017,7.41072542200516E-017,6.88170357442757E-017,6.37878893858331E-017,5.90237705358332E-017
9.35190098906749E-018,1.94304013017832E-017,3.02317669036285E-017,4.17426066553605E-017,5.39379967507334E-017,6.6779331845239E-017,8.02118673997661E-017,9.41619134942763E-017,1.08533635624476E-016,1.23205412732457E-016,1.38025696890028E-016,1.52808312596925E-016,1.67327126517236E-016,1.68324001383255E-016,1.67788878632182E-016,1.65923146913517E-016,1.62922394921584E-016,1.5897211480337E-016,1.54244907370139E-016,1.48898835903108E-016,1.43076646263783E-016,1.36905628902924E-016,1.30497945470185E-016,1.23951280944489E-016,1.17349713103243E-016,1.10764716031992E-016,1.0425623432887E-016,9.78737805786701E-017,9.16575213034418E-017,8.56393265541061E-017,7.9843766097742E-017,7.42890411945441E-017,6.8987845589538E-017,6.39481528473703E-017,5.9173929763276E-017
9.39187182446665E-018,1.95099499617277E-017,3.03501510062988E-017,4.18987204067624E-017,5.41303628052783E-017,6.70061007886356E-017,8.04708268933617E-017,9.44505094883092E-017,1.08849008472667E-016,1.23544451529776E-016,1.38385115918095E-016,1.53184754407155E-016,1.67717296921514E-016,1.68710604834927E-016,1.68169860399968E-016,1.66296769681323E-016,1.63287207180453E-016,1.59326922120045E-016,1.54588746050547E-016,1.49230948719762E-016,1.433964600197E-016,1.37212733674074E-016,1.30792075413352E-016,1.24232296585072E-016,1.17617585033337E-016,1.11019509957098E-016,1.04498097404575E-016,9.81029289787496E-017,9.18742289594363E-017,8.58439150044788E-017,8.00365953828615E-017,7.44705017323183E-017,6.9158350965753E-017,6.41081334547357E-017,5.93238272238468E-017
9.43190688246545E-018,1.95896092766558E-017,3.04686744121746E-017,4.20549846357672E-017,5.43228736669738E-017,6.72329929772015E-017,8.07298734504971E-017,9.47391433143141E-017,1.09164358699038E-016,1.238833980511E-016,1.38744365937728E-016,1.53560945489801E-016,1.68107131777179E-016,1.69096831401326E-016,1.68550429515509E-016,1.66669950011018E-016,1.63651553348432E-016,1.59681245766629E-016,1.54932089329561E-016,1.49562559900911E-016,1.4371577096371E-016,1.37519339017421E-016,1.31085713344319E-016,1.24512831120865E-016,1.17884989724215E-016,1.11273852951946E-016,1.047395278159E-016,9.83316644856893E-017,9.20905445864214E-017,8.60481330117247E-017,8.02290762033664E-017,7.46516358889845E-017,6.93285519017651E-017,6.42678312105351E-017,5.94734628949116E-017
9.4720060664775E-018,1.96693790241293E-017,3.05873367574136E-017,4.22113988348888E-017,5.45155286949405E-017,6.74600076581605E-017,8.09890062375924E-017,9.5027814096591E-017,1.09479685429773E-016,1.24222251471424E-016,1.39103446220249E-016,1.53936885258636E-016,1.68496630683926E-016,1.69482680774138E-016,1.68930585761819E-016,1.67042687772247E-016,1.64015433374147E-016,1.60035085761087E-016,1.55274937283656E-016,1.49893669570221E-016,1.44034579255412E-016,1.37825445117689E-016,1.31378859462908E-016,1.24792884757743E-016,1.18151927379856E-016,1.11527745211834E-016,1.04980525743853E-016,9.85599872617254E-017,9.23064683244562E-017,8.62519806913068E-017,8.0421208648595E-017,7.4832443727012E-017,6.94984484331111E-017,6.4427246123882E-017,5.96228367601431E-017
9.51216928018935E-018,1.97492589823595E-017,3.07061376793078E-017,4.23679624983583E-017,5.47083272506756E-017,6.76871440818155E-017,8.12482244248515E-017,9.53165209638899E-017,1.09794987796093E-016,1.24561010971241E-016,1.3946235604279E-016,1.5431257313338E-016,1.68885793247347E-016,1.6986815265114E-016,1.69310328928169E-016,1.67414982841071E-016,1.64378847212788E-016,1.60388442128078E-016,1.55617289996133E-016,1.50224277858312E-016,1.44352885061455E-016,1.3813105216675E-016,1.31671513976161E-016,1.25072457708846E-016,1.1841839821153E-016,1.11781186939355E-016,1.05221091376707E-016,9.87878974763104E-017,9.252200032074E-017,8.64554581657279E-017,8.06129928148012E-017,7.50129253156418E-017,6.9668040601934E-017,6.45863782103143E-017,5.97719488094416E-017
9.55239642755915E-018,1.98292489302041E-017,3.08250768162781E-017,4.25246751221159E-017,5.49012686980406E-017,6.79144015015315E-017,8.15075271862419E-017,9.56052630493856E-017,1.10110264934219E-016,1.24899675736508E-016,1.39821094688253E-016,1.54688008539657E-016,1.69274619078873E-016,1.70253246736143E-016,1.69689658810034E-016,1.67786835099902E-016,1.64741794826038E-016,1.60741314898895E-016,1.55959147557051E-016,1.50554384902669E-016,1.44670688555462E-016,1.38436160363529E-016,1.31963677098244E-016,1.25351550194486E-016,1.18684402437703E-016,1.12034178344295E-016,1.05461224909907E-016,9.90153953060185E-017,9.27371407295188E-017,8.66585655644384E-017,8.08044288050652E-017,7.51930807307975E-017,6.98373284568988E-017,6.47452274917126E-017,5.99207990388565E-017
9.59268741281547E-018,1.99093486471642E-017,3.09441538078687E-017,4.26815362038028E-017,5.509435240325E-017,6.81417791737203E-017,8.17669136994744E-017,9.58940394906526E-017,1.1042551598535E-016,1.25238244958609E-016,1.40179661445273E-016,1.55063190908953E-016,1.69663107795741E-016,1.70637962738944E-016,1.70068575209034E-016,1.68158244437447E-016,1.65104276182011E-016,1.61093704111383E-016,1.56300510063145E-016,1.50883990847568E-016,1.44987989917944E-016,1.38740769913926E-016,1.3225534905036E-016,1.25630162442058E-016,1.18949940283945E-016,1.12286719643548E-016,1.05700926545979E-016,9.92424809344519E-017,9.29518897119925E-017,8.68613030237447E-017,8.09955167292034E-017,7.53729100549997E-017,7.00063120531076E-017,6.49037939962195E-017,6.00693874505083E-017
9.63304214045596E-018,1.99895579133811E-017,3.10633682947422E-017,4.28385452427524E-017,5.52875777348591E-017,6.83692763578246E-017,8.20263831459828E-017,9.61828494296406E-017,1.10740740095627E-016,1.25576717834326E-016,1.40538055608178E-016,1.5543811967857E-016,1.70051259020935E-016,1.71022300375273E-016,1.7044707793288E-016,1.68529210748645E-016,1.65466291255182E-016,1.6144560980988E-016,1.56641377617753E-016,1.51213095843994E-016,1.45304789336218E-016,1.39044881030724E-016,1.3254653006066E-016,1.25908294685946E-016,1.19215011982841E-016,1.12538811061016E-016,1.0594019649443E-016,9.94691545521485E-017,9.3166247436223E-017,8.70636706867202E-017,8.11862567036814E-017,7.55524133772793E-017,7.01749914520171E-017,6.50620777581588E-017,6.02177140525123E-017
9.67346051524617E-018,2.00698765096336E-017,3.11827199186736E-017,4.29957017399825E-017,5.54809440637522E-017,6.85968923163023E-017,8.22859347109043E-017,9.64716920126496E-017,1.11055936416107E-016,1.25915093565796E-016,1.40896276476953E-016,1.5581279429159E-016,1.7043907238315E-016,1.71406259366744E-016,1.70825166795318E-016,1.68899733934604E-016,1.65827840026327E-016,1.6179703204514E-016,1.56981750330746E-016,1.51541700049568E-016,1.45621087004322E-016,1.39348493933509E-016,1.32837220364156E-016,1.26185947167439E-016,1.19479617773895E-016,1.1279045282752E-016,1.06179034971663E-016,9.96954163564899E-017,9.33802140770444E-017,8.72656687031146E-017,8.13766488515257E-017,7.57315907930932E-017,7.03433667213562E-017,6.52200788179573E-017,6.03657788589018E-017
9.71394244221827E-018,2.01503042173346E-017,3.13022083225458E-017,4.31530051981868E-017,5.56744507631314E-017,6.88246263146112E-017,8.2545567583059E-017,9.67605663903058E-017,1.11371104102736E-016,1.26253371360489E-016,1.41254323357197E-016,1.56187214196827E-016,1.70826547516742E-016,1.71789839440805E-016,1.71202841616077E-016,1.69269813902551E-016,1.66188922482459E-016,1.62147970874267E-016,1.57321628318451E-016,1.51869803628463E-016,1.45936883122939E-016,1.39651608848583E-016,1.33127420202634E-016,1.26463120134637E-016,1.19743757903443E-016,1.13041645180709E-016,1.06417442200883E-016,9.99212665516113E-017,9.35937898159727E-017,8.74672972292672E-017,8.15666933022382E-017,7.59104424042403E-017,7.05114379350446E-017,6.53777972220653E-017,6.05135818895537E-017
9.75448782666981E-018,2.02308408185286E-017,3.14218331503434E-017,4.33104551217271E-017,5.58680972085048E-017,6.9052477621193E-017,8.28052809549305E-017,9.70494717175366E-017,1.11686242316313E-016,1.26591550431164E-016,1.4161219556009E-016,1.56561378848786E-016,1.71213684061682E-016,1.7217304033069E-016,1.71580102220811E-016,1.69639450565762E-016,1.6654953861676E-016,1.62498426360649E-016,1.5766101170358E-016,1.52197406751334E-016,1.46252177899316E-016,1.39954226008879E-016,1.33417129824568E-016,1.26739813842363E-016,1.20007432624564E-016,1.1329238836497E-016,1.06655418412004E-016,1.00146705348312E-016,9.38069748411172E-017,8.7668556428019E-017,8.17563901917103E-017,7.60889683187783E-017,7.06792051731128E-017,6.55352330228799E-017,6.06611231701132E-017
9.79509657416254E-018,2.03114860958883E-017,3.15415940471485E-017,4.3468051016625E-017,5.60618827776753E-017,6.92804455074587E-017,8.30650740226465E-017,9.73384071535473E-017,1.12001350222468E-016,1.26929629995842E-016,1.41969892402355E-016,1.56935287707627E-016,1.71600481663517E-016,1.72555861775366E-016,1.7195694844105E-016,1.70008643843513E-016,1.66909688428524E-016,1.62848398573887E-016,1.5799990061516E-016,1.5252450959524E-016,1.46566971547183E-016,1.40256345653886E-016,1.33706349485037E-016,1.27016028552084E-016,1.20270642196991E-016,1.13542682631342E-016,1.06892963841567E-016,1.00371732963965E-016,9.40197693470934E-017,8.78694464686265E-017,8.19457396621393E-017,7.62671686509414E-017,7.08466685216221E-017,6.56923862786682E-017,6.08084027319211E-017
9.83576859052116E-018,2.03922398327119E-017,3.16614906591346E-017,4.36257923905539E-017,5.62558068507287E-017,6.95085292477727E-017,8.3324945985959E-017,9.76273718617967E-017,1.12316426991633E-016,1.27267609277772E-016,1.42327413206218E-016,1.57308940239118E-016,1.71986939973318E-016,1.72938303519489E-016,1.72333380114143E-016,1.70377393661019E-016,1.67269371923091E-016,1.63197887589732E-016,1.58338295188458E-016,1.52851112343568E-016,1.46881264286676E-016,1.40557968029561E-016,1.33995079445638E-016,1.27291764531814E-016,1.20533386887024E-016,1.13792528237421E-016,1.07130078732647E-016,1.00596349622434E-016,9.42321735349359E-017,8.80699675266765E-017,8.21347418619444E-017,7.644504352106E-017,7.10138280725861E-017,6.58492570534911E-017,6.09554206119403E-017
9.87650378183211E-018,2.04731018129205E-017,3.17815226335621E-017,4.37836787528313E-017,5.64498688100231E-017,6.97367281194382E-017,8.35848960482252E-017,9.79163650099739E-017,1.12631471799009E-016,1.27605487505395E-016,1.42684757299374E-016,1.57682335914598E-016,1.72373058647643E-016,1.73320365313353E-016,1.72709397083209E-016,1.70745699949376E-016,1.67628589111789E-016,1.63546893490019E-016,1.58676195564918E-016,1.53177215185962E-016,1.4719505634426E-016,1.40859093388249E-016,1.34283319974407E-016,1.2756702205604E-016,1.20795666967443E-016,1.14041925447281E-016,1.07366763334766E-016,1.0082055555398E-016,9.44441876120129E-017,8.82701197840024E-017,8.23233969456845E-017,7.66225930554792E-017,7.11806839238932E-017,6.60058454171287E-017,6.11021768526845E-017
9.91730205444238E-018,2.05540718210542E-017,3.19016896187727E-017,4.39417096144105E-017,5.66440680401771E-017,6.99650414026819E-017,8.38449234163882E-017,9.82053857699736E-017,1.12946483824542E-016,1.27943263912318E-016,1.43041924014949E-016,1.58055474210935E-016,1.72758837348491E-016,1.73702046912844E-016,1.73084999197082E-016,1.71113562645506E-016,1.67987340011868E-016,1.63895416362598E-016,1.59013601892085E-016,1.53502818318247E-016,1.47508347952651E-016,1.41159721988609E-016,1.34571071345735E-016,1.2784180140563E-016,1.21057482717425E-016,1.14290874531385E-016,1.07603017903809E-016,1.01044350995183E-016,9.46558117919413E-017,8.84699034285997E-017,8.25117050739763E-017,7.67998173864803E-017,7.13472361792294E-017,6.61621514450058E-017,6.12486715021462E-017
9.95816331495829E-018,2.06351496422706E-017,3.20219912641846E-017,4.40998844878732E-017,5.6838403928059E-017,7.01934683806393E-017,8.4105027300958E-017,9.8494433317874E-017,1.13261462252895E-016,1.28280937737276E-016,1.43398912691465E-016,1.58428354610487E-016,1.73144275743256E-016,1.7408334807939E-016,1.7346018631026E-016,1.714809816921E-016,1.68345624646446E-016,1.64243456301272E-016,1.59350514323538E-016,1.53827921942359E-016,1.47821139350742E-016,1.41459854095528E-016,1.34858333840284E-016,1.28116102867755E-016,1.2131883442246E-016,1.14539375766497E-016,1.07838842701938E-016,1.01267736188851E-016,9.48670462945028E-017,8.86693186545445E-017,8.26996664134141E-017,7.69767166522019E-017,7.1513484948002E-017,6.63181752181188E-017,6.13949046137269E-017
9.99908747024436E-018,2.07163350623406E-017,3.21424272202876E-017,4.42582028874213E-017,5.70328758627757E-017,7.04220083393395E-017,8.43652069159927E-017,9.87835068339127E-017,1.13576406273417E-016,1.28618508224102E-016,1.43755722672801E-016,1.58800976601062E-016,1.7352937350469E-016,1.74464268579919E-016,1.73834958282857E-016,1.71847957037564E-016,1.68703443044443E-016,1.64591013405735E-016,1.59686933018825E-016,1.5415252626627E-016,1.48133430783525E-016,1.4175948998005E-016,1.35145107744914E-016,1.28389926735803E-016,1.21579722374263E-016,1.14787429435604E-016,1.08074237997508E-016,1.0149071138394E-016,9.50778913455612E-017,8.88683656619113E-017,8.28872811364897E-017,7.71532909965623E-017,7.1679430345265E-017,6.64739168229633E-017,6.1540876246167E-017
1.0040074427422E-017,2.07976278676467E-017,3.22629971386376E-017,4.44166643288694E-017,5.72274832356615E-017,7.06506605676912E-017,8.46254614790796E-017,9.90726055024639E-017,1.13891315080121E-016,1.28955974621694E-016,1.44112353308163E-016,1.59173339675877E-016,1.73914130310856E-016,1.74844808186806E-016,1.74209314980547E-016,1.72214488635962E-016,1.69060795240526E-016,1.64938087781505E-016,1.60022858143393E-016,1.54476631503921E-016,1.48445222502022E-016,1.42058629919291E-016,1.35431393352595E-016,1.28663273309302E-016,1.21840146870698E-016,1.15035035827828E-016,1.08309204064982E-016,1.01713276835471E-016,9.52883471769807E-017,8.90670446566927E-017,8.30745494215132E-017,7.73295405691825E-017,7.1845072491644E-017,6.66293763514614E-017,6.16865864634772E-017
1.00811240938686E-017,2.08790278451794E-017,3.23837006718519E-017,4.45752683296371E-017,5.74222254402677E-017,7.08794243574672E-017,8.48857902113164E-017,9.93617285120155E-017,1.14206187871651E-016,1.29293336183989E-016,1.44468803952042E-016,1.59545443333524E-016,1.74298545845086E-016,1.75224966677832E-016,1.74583256274517E-016,1.72580576446963E-016,1.69417681275049E-016,1.65284679539862E-016,1.60358289868519E-016,1.54800237875149E-016,1.48756514763206E-016,1.42357274196372E-016,1.35717190962335E-016,1.28936142893836E-016,1.2210010821569E-016,1.15282195238345E-016,1.08543741184852E-016,1.01935432804444E-016,9.54984140265438E-017,8.92653558507198E-017,8.32614714525356E-017,7.75054655253105E-017,7.2010411513263E-017,6.67845539008921E-017,6.18320353348702E-017
1.01222363772161E-017,2.09605347825346E-017,3.25045374736044E-017,4.47340144087413E-017,5.76171018723509E-017,7.11082990032909E-017,8.51461923372929E-017,9.9650875055146E-017,1.1452102385126E-016,1.29630592169922E-016,1.44825073964183E-016,1.59917287077924E-016,1.74682619795944E-016,1.75604743836138E-016,1.74956782041418E-016,1.72946220435788E-016,1.69774101193995E-016,1.65630788797788E-016,1.60693228371251E-016,1.55123345605618E-016,1.4906730782993E-016,1.42655423100335E-016,1.36002500879098E-016,1.29208535800968E-016,1.22359606719149E-016,1.15528907968304E-016,1.08777849643555E-016,1.02157179557763E-016,9.57080921378724E-017,8.94632994615827E-017,8.34480474192714E-017,7.76810660257458E-017,7.21754475416716E-017,6.69394495738198E-017,6.19772229346931E-017
1.01634111853498E-017,2.1042148467911E-017,3.26255071986203E-017,4.48929020867886E-017,5.78121119298631E-017,7.13372838026211E-017,8.54066670850729E-017,9.99400443285025E-017,1.14835822226779E-016,1.29967741843406E-016,1.45181162709547E-016,1.60288870418294E-016,1.75066351857178E-016,1.75984139450175E-016,1.75329892163312E-016,1.73311420573153E-016,1.70130055048918E-016,1.65976415677904E-016,1.61027673834336E-016,1.55445954926751E-016,1.49377601970856E-016,1.42953076926072E-016,1.36287323413732E-016,1.29480452348159E-016,1.2261864269689E-016,1.15775174324747E-016,1.09011529733393E-016,1.02378517368152E-016,9.59173817603474E-017,8.96608757125532E-017,8.36342775170218E-017,7.78563422367657E-017,7.23401807137725E-017,6.70940634780256E-017,6.2122149342361E-017
1.02046484264075E-017,2.11238686901074E-017,3.27466095026717E-017,4.50519308859679E-017,5.80072550129407E-017,7.15663780557379E-017,8.56672136861751E-017,1.00229235532778E-016,1.15150582210593E-016,1.30304784473292E-016,1.45537069558281E-016,1.60660192869108E-016,1.75449741727683E-016,1.76363153313664E-016,1.75702586527628E-016,1.73676176835219E-016,1.70485542896885E-016,1.66321560308406E-016,1.61361626446158E-016,1.55768066075659E-016,1.49687397460385E-016,1.43250235974254E-016,1.36571658882887E-016,1.29751892858692E-016,1.22877216470551E-016,1.1602099462053E-016,1.09244781752453E-016,1.02599446514075E-016,9.61262831490309E-017,8.9858084832507E-017,8.38201619465997E-017,7.80312943300509E-017,7.25046111717509E-017,6.72483957264385E-017,6.2266814642291E-017
1.02459480087782E-017,2.12056952385195E-017,3.28678440425722E-017,4.52111003300428E-017,5.82025305238937E-017,7.17955810657289E-017,8.5927831375556E-017,1.00518447872688E-016,1.15465303019612E-016,1.30641719333343E-016,1.4589279388568E-016,1.61031253950058E-016,1.75832789111461E-016,1.76741785225549E-016,1.76074865027107E-016,1.74040489203539E-016,1.70840564800423E-016,1.66666222823013E-016,1.61695086400673E-016,1.5608967929508E-016,1.49996694578581E-016,1.43546900551253E-016,1.36855507608942E-016,1.30022857661596E-016,1.23135328367517E-016,1.16266369174242E-016,1.0947760600453E-016,1.02819967279661E-016,9.63347965645887E-017,9.00549270558479E-017,8.40057009142551E-017,7.82059224826139E-017,7.2668739063004E-017,6.74024464370674E-017,6.24112189238367E-017
1.02873098411009E-017,2.12876279031375E-017,3.29892104761725E-017,4.5370409944344E-017,5.83979378671952E-017,7.20248921384746E-017,8.61885193915908E-017,1.00807680556952E-016,1.15779983875249E-016,1.30978545702203E-016,1.46248335072151E-016,1.61402053186016E-016,1.76215493717577E-016,1.77120034989956E-016,1.76446727559762E-016,1.74404357665006E-016,1.7119512082746E-016,1.67010403360897E-016,1.62028053897349E-016,1.56410794833303E-016,1.50305493611107E-016,1.43843070969069E-016,1.37138869919932E-016,1.30293347091567E-016,1.23392978720841E-016,1.16511298310129E-016,1.09710002799047E-016,1.03040079954624E-016,9.65429222732131E-017,9.02514026224322E-017,8.41908946316009E-017,7.83802268767261E-017,7.2832564540071E-017,6.75562157329336E-017,6.25553622812238E-017
1.03287338322634E-017,2.13696664745433E-017,3.31107084623554E-017,4.55298592557625E-017,5.85934764494715E-017,7.22543105826347E-017,8.64492769760566E-017,1.01096932798266E-016,1.16094624003389E-016,1.31315262863368E-016,1.46603692503184E-016,1.61772590106998E-016,1.76597855260121E-016,1.77497902416142E-016,1.76818174028822E-016,1.74767782211798E-016,1.71549211051269E-016,1.6735410206663E-016,1.62360529141096E-016,1.56731412944111E-016,1.50613794849155E-016,1.44138747545266E-016,1.37421746149474E-016,1.30563361488893E-016,1.23650167869173E-016,1.16755782358016E-016,1.09941972450978E-016,1.03259784834186E-016,9.67506605465475E-017,9.0447511777494E-017,8.43757433155401E-017,7.85542076998473E-017,7.29960877605641E-017,6.77097037420049E-017,6.26992448134864E-017
1.03702198914015E-017,2.1451810743908E-017,3.3232337661031E-017,4.56894477927416E-017,5.87891456794906E-017,7.24838357096338E-017,8.67101033741137E-017,1.01386203813284E-016,1.16409222634365E-016,1.31651870105153E-016,1.46958865569316E-016,1.62142864248127E-016,1.76979873458172E-016,1.77875387318459E-016,1.7718920434269E-016,1.75130762841335E-016,1.71902835550416E-016,1.67697319090126E-016,1.62692512342212E-016,1.57051533886708E-016,1.50921598589373E-016,1.44433930602891E-016,1.37704136636692E-016,1.30832901199383E-016,1.23906896156676E-016,1.16999821653232E-016,1.10173515280773E-016,1.03479082219004E-016,9.6958011661611E-017,9.06432547715713E-017,8.45602471881935E-017,7.87278651445553E-017,7.31593088871014E-017,6.78629105971297E-017,6.28428666244038E-017
1.04117679278976E-017,2.15340605029888E-017,3.33540977331323E-017,4.58491750852699E-017,5.89849449681531E-017,7.27134668336484E-017,8.69709978342887E-017,1.01675492822599E-016,1.16723779002935E-016,1.31988366720664E-016,1.47313853666097E-016,1.62512875149596E-016,1.77361548035749E-016,1.78252489516308E-016,1.77559818414896E-016,1.75493299556217E-016,1.72255994408703E-016,1.68040054586578E-016,1.63024003716317E-016,1.57371157925659E-016,1.51228905133805E-016,1.44728620470413E-016,1.37986041726147E-016,1.31101966574289E-016,1.24163163932958E-016,1.17243416536534E-016,1.10404631614284E-016,1.03697972415091E-016,9.71649759007246E-017,9.08386318604336E-017,8.47444064768287E-017,7.89011994084764E-017,7.3322228087238E-017,6.80158364359716E-017,6.29862278224379E-017
1.04533778513797E-017,2.16164155441269E-017,3.34759883406102E-017,4.60090406648743E-017,5.9180873728481E-017,7.2943203271592E-017,8.72319596084565E-017,1.01964799050715E-016,1.17038292348251E-016,1.32324752007768E-016,1.47668656194058E-016,1.62882622356631E-016,1.77742878721782E-016,1.78629208834096E-016,1.77930016164047E-016,1.75855392364186E-016,1.72608687715116E-016,1.68382308716405E-016,1.63355003484291E-016,1.57690285330826E-016,1.51535714789815E-016,1.45022817481646E-016,1.38267461767763E-016,1.31370557970238E-016,1.24418971552995E-016,1.17486567354033E-016,1.10635321782684E-016,1.03916455733745E-016,9.73715535514376E-017,9.10336433050088E-017,8.49282214137886E-017,7.90742106942162E-017,7.34848455334006E-017,6.81684814009457E-017,6.31293285206716E-017
1.04950495717202E-017,2.16988756602442E-017,3.35980091464287E-017,4.61690440646123E-017,5.93769313756079E-017,7.31730443431026E-017,8.74929879518231E-017,1.02254121726031E-016,1.17352761913839E-016,1.32661025269068E-016,1.48023272558676E-016,1.63252105419457E-016,1.78123865250067E-016,1.79005545101192E-016,1.78299797513785E-016,1.76217041278066E-016,1.72960915563769E-016,1.68724081645194E-016,1.63685511872216E-016,1.580089163773E-016,1.51842027870031E-016,1.45316521975685E-016,1.38548397116762E-016,1.31638675749153E-016,1.2467431937706E-016,1.17729274457117E-016,1.10865586122403E-016,1.04134532491475E-016,9.75777449064551E-017,9.12282893713126E-017,8.51116922364226E-017,7.92468992092926E-017,7.36471614028211E-017,6.83208456391546E-017,6.32721688367477E-017
1.05367829990349E-017,2.17814406448413E-017,3.37201598145609E-017,4.63291848190654E-017,5.95731173267688E-017,7.34029893705285E-017,8.77540821229082E-017,1.02543460080816E-016,1.1766718694757E-016,1.32997185811865E-016,1.48377702170346E-016,1.63621323893259E-016,1.78504507359232E-016,1.79381498151891E-016,1.7866916239274E-016,1.76578246315721E-016,1.73312678053855E-016,1.6906537354364E-016,1.64015529111318E-016,1.58327051345343E-016,1.52147844692269E-016,1.45609734296839E-016,1.38828848133585E-016,1.31906320278187E-016,1.24929207770647E-016,1.17971538202386E-016,1.11095424975045E-016,1.04352203009927E-016,9.77835502635662E-017,9.14225703303777E-017,8.52948191870166E-017,7.94192651660671E-017,7.38091758774714E-017,6.84729293023257E-017,6.34147488928082E-017
1.0578578043682E-017,2.18641102919945E-017,3.38424400099835E-017,4.64894624643314E-017,5.97694310012901E-017,7.36330376789151E-017,8.80152413835283E-017,1.02832813351193E-016,1.17981566701635E-016,1.33333232948138E-016,1.48731944444342E-016,1.63990277338148E-016,1.78884804792692E-016,1.79757067825363E-016,1.79038110734482E-016,1.76939007499999E-016,1.73663975289588E-016,1.69406184587495E-016,1.64345055437901E-016,1.58644690520324E-016,1.52453165579476E-016,1.45902454794558E-016,1.39108815183833E-016,1.32173491929654E-016,1.25183637104404E-016,1.18213358951571E-016,1.11324838687324E-016,1.04569467615813E-016,9.79889699255732E-017,9.16164864581839E-017,8.54776025127254E-017,7.95913087816797E-017,7.39708891439989E-017,6.86247325467489E-017,6.3557068815435E-017
1.06204346162608E-017,2.19468843963532E-017,3.3964849398673E-017,4.66498765380182E-017,5.99658718205798E-017,7.38631885959911E-017,8.82764649987792E-017,1.03122180777111E-016,1.18295900432525E-016,1.3366916599451E-016,1.49085998800792E-016,1.64358965319127E-016,1.7926475729862E-016,1.8013225396562E-016,1.79406642477481E-016,1.77299324858692E-016,1.74014807380158E-016,1.69746514957512E-016,1.64674091093297E-016,1.58961834192656E-016,1.52757990859661E-016,1.46194683823373E-016,1.3938829863819E-016,1.32440191080951E-016,1.25437607754058E-016,1.18454737071468E-016,1.11553827610989E-016,1.04786326640841E-016,9.81940042002212E-017,9.18100380355891E-017,8.56600424655048E-017,7.97630302779824E-017,7.4132301393663E-017,6.8776255533215E-017,6.36991287355906E-017
1.06623526276108E-017,2.20297627531376E-017,3.40873876476007E-017,4.68104265792358E-017,6.01624392081169E-017,7.40934414521562E-017,8.85377522370197E-017,1.03411561602331E-016,1.18610187401E-016,1.34004984272221E-016,1.49439864664639E-016,1.64727387406055E-016,1.79644364629902E-016,1.80507056421473E-016,1.79774757565058E-016,1.77659198424481E-016,1.74365174439674E-016,1.70086364839387E-016,1.65002636323801E-016,1.59278482657738E-016,1.53062320865835E-016,1.46486421742826E-016,1.39667298872362E-016,1.32706418114499E-016,1.25691120100348E-016,1.18695672933867E-016,1.11782392102753E-016,1.05002780421644E-016,9.83986534001287E-017,9.2003225348261E-017,8.58421393020448E-017,7.99344298814741E-017,7.42934128222718E-017,6.89274984269554E-017,6.38409287885594E-017
1.07043319888103E-017,2.2112745158136E-017,3.42100544247284E-017,4.69711121285901E-017,6.03591325894422E-017,7.43237955804669E-017,8.87991023698541E-017,1.03700955074401E-016,1.18924426872069E-016,1.34340687107103E-016,1.49793541465615E-016,1.65095543173612E-016,1.80023626544104E-016,1.80881475046486E-016,1.80142455945344E-016,1.78018628234893E-016,1.74715076587114E-016,1.70425734423706E-016,1.65330691380618E-016,1.59594636215892E-016,1.53366155935946E-016,1.46777668917405E-016,1.39945816267005E-016,1.32972173417666E-016,1.25944174528954E-016,1.1893616691548E-016,1.12010532524224E-016,1.0521882929971E-016,9.86029178427192E-017,9.21960486866098E-017,8.60238932837038E-017,8.01055078232366E-017,7.44542236301201E-017,6.90784613975809E-017,6.39824691138902E-017
1.0746372611176E-017,2.21958314077021E-017,3.4332849399004E-017,4.71319327281759E-017,6.05559513921486E-017,7.45542503166239E-017,8.9060514672116E-017,1.03990360444638E-016,1.19238618114962E-016,1.34676273829546E-016,1.50147028638206E-016,1.65463432201263E-016,1.80402542803433E-016,1.81255509698944E-016,1.80509737571235E-016,1.78377614332251E-016,1.75064513946277E-016,1.70764623905893E-016,1.65658256519804E-016,1.59910295172304E-016,1.53669496412815E-016,1.47068425716484E-016,1.40223851207663E-016,1.33237457382705E-016,1.26196771430431E-016,1.19176219397873E-016,1.12238249241835E-016,1.05434473621315E-016,9.88067978501534E-017,9.23885083457213E-017,8.62053046764429E-017,8.02762643388707E-017,7.46147340219271E-017,6.92291446190234E-017,6.41237498553386E-017
1.07884744062613E-017,2.22790212987526E-017,3.44557722403565E-017,4.72928879215694E-017,6.07528950458705E-017,7.47848049989592E-017,8.93219884218514E-017,1.04279776968105E-016,1.1955276040311E-016,1.35011743774472E-016,1.50500325621624E-016,1.65831054073227E-016,1.80781113174703E-016,1.81629160241807E-016,1.80876602400349E-016,1.78736156763627E-016,1.75413486645732E-016,1.71103033486156E-016,1.65985332002209E-016,1.60225459836966E-016,1.5397234264408E-016,1.47358692514251E-016,1.40501404084697E-016,1.33502270406685E-016,1.26448911200136E-016,1.19415830767401E-016,1.12465542626781E-016,1.05649713737455E-016,9.90102937492614E-017,9.25806046252907E-017,8.63863737507616E-017,8.04466996684336E-017,7.4774944206776E-017,6.93795482694761E-017,6.42647711608111E-017
1.08306372858555E-017,2.23623146287648E-017,3.45788226196923E-017,4.74539772538224E-017,6.09499629822752E-017,7.50154589684229E-017,8.95835229003026E-017,1.04569203903594E-016,1.19866853014117E-016,1.35347096281313E-016,1.50853431859771E-016,1.66198408378442E-016,1.81159337429295E-016,1.82002426542672E-016,1.81243050394983E-016,1.79094255580801E-016,1.75761994818765E-016,1.71440963369433E-016,1.66311918093423E-016,1.60540130524617E-016,1.54274694982127E-016,1.47648469689655E-016,1.40778475293227E-016,1.33766612891426E-016,1.26700594238168E-016,1.19655001415136E-016,1.12692413054942E-016,1.05864550003775E-016,9.9213405871477E-017,9.27723378295576E-017,8.65671007816337E-017,8.06168140563764E-017,7.49348543980535E-017,6.95296725313356E-017,6.44055331823085E-017
1.08728611619828E-017,2.24457111957738E-017,3.47020002088903E-017,4.76152002714547E-017,6.11471546350525E-017,7.52462115685703E-017,8.98451173918914E-017,1.04858640513603E-016,1.2018089522974E-016,1.35682330693976E-016,1.51206346801215E-016,1.66565494710529E-016,1.81537215343122E-016,1.82375308473734E-016,1.81609081522071E-016,1.79451910840206E-016,1.76110038603336E-016,1.71778413765339E-016,1.66638015063723E-016,1.60854307554684E-016,1.54576553784037E-016,1.47937757626335E-016,1.41055065233062E-016,1.34030485243432E-016,1.26951820949296E-016,1.19893731736802E-016,1.12918860906825E-016,1.06078982780509E-016,9.94161345527722E-017,9.29637082672413E-017,8.67474860484443E-017,8.07866077514825E-017,7.509446481339E-017,6.96795175911446E-017,6.45460360758709E-017
1.09151459469011E-017,2.25292107983705E-017,3.48253046807978E-017,4.77765565224477E-017,6.13444694399055E-017,7.54770621455497E-017,9.0106771184203E-017,1.05148086064319E-016,1.2049488633586E-016,1.36017446360818E-016,1.51559069899152E-016,1.66932312667761E-016,1.81914746696596E-016,1.82747805911748E-016,1.81974695753138E-016,1.79809122602892E-016,1.76457618142024E-016,1.72115384888119E-016,1.6696362318801E-016,1.61167991251225E-016,1.54877919411523E-016,1.48226556712563E-016,1.41331174308641E-016,1.34293887873826E-016,1.27202591742897E-016,1.20132022132708E-016,1.13144886567493E-016,1.06293012432408E-016,9.96184801335914E-017,9.31547162514772E-017,8.69275298349272E-017,8.09560810068072E-017,7.52537756746009E-017,6.98290836395346E-017,6.46862800015228E-017
1.09574915531013E-017,2.26128132356986E-017,3.49487357092258E-017,4.79380455562377E-017,6.15419068345413E-017,7.57080100480891E-017,9.036848356797E-017,1.05437539825594E-016,1.20808825622467E-016,1.36352442634623E-016,1.51911600611383E-016,1.67298861853031E-016,1.8229193127459E-016,1.8311991873799E-016,1.82339893064266E-016,1.80165890934475E-016,1.76804733581983E-016,1.72451876956591E-016,1.67288742745765E-016,1.61481181942872E-016,1.5517879223087E-016,1.48514867341179E-016,1.41606802928965E-016,1.3455682119829E-016,1.27452907032887E-016,1.20369873007688E-016,1.13370490426503E-016,1.06506639328681E-016,9.98204429587881E-017,9.3345362099753E-017,8.71072324291031E-017,8.11252340796171E-017,7.54127872076283E-017,6.99783708711696E-017,6.48262651232191E-017
1.09998978933059E-017,2.26965183074525E-017,3.50722929689453E-017,4.80996669237091E-017,6.17394662586611E-017,7.5939054627484E-017,9.06302538370562E-017,1.0572700107093E-016,1.21122712383626E-016,1.36687318872569E-016,1.52263938400278E-016,1.67665141873815E-016,1.82668768866403E-016,1.83491646838215E-016,1.82704673436044E-016,1.80522215905093E-016,1.77151385074895E-016,1.72787890194097E-016,1.67613374020989E-016,1.61793879962778E-016,1.55479172612879E-016,1.48802689909535E-016,1.41881951507542E-016,1.34819285636995E-016,1.27702767237662E-016,1.20607284771027E-016,1.13595672877837E-016,1.06719863842927E-016,1.00022023377561E-016,9.3535646133847E-017,8.72865941232186E-017,8.12940672313307E-017,7.55714996424825E-017,7.01273794846907E-017,6.49659916087915E-017
1.1042364880468E-017,2.27803258138746E-017,3.51959761356823E-017,4.82614201771882E-017,6.19371471539513E-017,7.61701952375849E-017,9.08920812884407E-017,1.06016469077457E-016,1.21436545917463E-016,1.37022074436205E-016,1.52616082732749E-016,1.68031152342143E-016,1.83045259265725E-016,1.83862990102626E-016,1.83069036853532E-016,1.80878097589364E-016,1.77497572776917E-016,1.73123424828457E-016,1.67937517302151E-016,1.62106085648556E-016,1.55779060932806E-016,1.49090024819434E-016,1.42156620462319E-016,1.35081281614544E-016,1.27952172780032E-016,1.20844257836405E-016,1.13820434319843E-016,1.06932686353071E-016,1.00223221743391E-016,9.37255686797661E-017,8.74656152136858E-017,8.14625807274596E-017,7.57299132131861E-017,7.02761096826607E-017,6.51054596298957E-017
1.10848924277707E-017,2.28642355557533E-017,3.53197848861139E-017,4.84233048704361E-017,6.2134948964074E-017,7.64014312347845E-017,9.1153965222202E-017,1.06305943125913E-016,1.21750325526138E-016,1.37356708691426E-016,1.52968033080219E-016,1.68396892874564E-016,1.83421402270603E-016,1.84233948425828E-016,1.83432983306218E-016,1.81233536066341E-016,1.77843296848641E-016,1.73458481091913E-016,1.68261172882138E-016,1.62417799342227E-016,1.56078457570307E-016,1.49376872477067E-016,1.42430810215623E-016,1.35342809559909E-016,1.28201124087157E-016,1.21080792621831E-016,1.14044775155169E-016,1.07145107241304E-016,1.0042403841398E-016,9.39151300676844E-017,8.76442960010223E-017,8.16307748375505E-017,7.58880281577171E-017,7.042456167151E-017,6.52446693619587E-017
1.11274804486256E-017,2.294824733442E-017,3.54437188978643E-017,4.85853205586426E-017,6.23328711346577E-017,7.66327619780059E-017,9.14159049415026E-017,1.06595422500626E-016,1.2206405051582E-016,1.37691221008442E-016,1.53319788918597E-016,1.68762363092116E-016,1.83797197683406E-016,1.84604521706797E-016,1.83796512787982E-016,1.81588531419468E-016,1.78188557455043E-016,1.73793059221081E-016,1.68584341058198E-016,1.62729021390166E-016,1.56377362909382E-016,1.49663233292958E-016,1.42704521194103E-016,1.35603869906366E-016,1.28449621590486E-016,1.21316889549582E-016,1.142686957907E-016,1.0735712689402E-016,1.00624473751187E-016,9.41043306318835E-017,8.78226367897923E-017,8.1798649835127E-017,7.60458447179525E-017,7.05727356614823E-017,6.53836209841271E-017
1.11701288566721E-017,2.30323609517473E-017,3.55677778495001E-017,4.87474667984197E-017,6.25309131132882E-017,7.68641868286902E-017,9.16778997525728E-017,1.06884906489494E-016,1.22377720196669E-016,1.38025610761755E-016,1.5367134972824E-016,1.69127562620293E-016,1.84172645310793E-016,1.84974709848842E-016,1.84159625297047E-016,1.81943083736538E-016,1.78533354765438E-016,1.74127159456907E-016,1.68907022131894E-016,1.63039752143047E-016,1.56675777338314E-016,1.49949107681905E-016,1.42977753828668E-016,1.3586446309144E-016,1.28697665725698E-016,1.21552549046138E-016,1.144921966375E-016,1.07568745701752E-016,1.00824528120973E-016,9.42931707106921E-017,8.80006378885483E-017,8.19662059976337E-017,7.62033631396143E-017,7.07206318665815E-017,6.55223146792164E-017
1.12128375657763E-017,2.31165762101462E-017,3.56919614205262E-017,4.89097431477948E-017,6.27290743494999E-017,7.70957051507839E-017,9.19399489646957E-017,1.07174394383968E-016,1.22691333882812E-016,1.38359877330132E-016,1.54022714993932E-016,1.69492491089014E-016,1.84547744963675E-016,1.85344512759566E-016,1.84522320835947E-016,1.82297193109648E-016,1.78877688953436E-016,1.74460782044611E-016,1.69229216409049E-016,1.63349991955788E-016,1.56973701249621E-016,1.50234496062923E-016,1.43250508554431E-016,1.36124589556839E-016,1.28945256932638E-016,1.21787771542122E-016,1.14715278110746E-016,1.07779964059115E-016,1.01024201893334E-016,9.44816506464273E-017,8.81782996097729E-017,8.21334436063787E-017,7.63605836722137E-017,7.08682505045193E-017,6.56607506336596E-017
1.12556064900301E-017,2.32008929125641E-017,3.58162692913823E-017,4.90721491662047E-017,6.29273542947658E-017,7.73273163107274E-017,9.22020518901917E-017,1.07463885479029E-016,1.23004890892317E-016,1.38694020096581E-016,1.54373884204853E-016,1.69857148132589E-016,1.84922496457186E-016,1.85713930350829E-016,1.84884599411487E-016,1.8265085963516E-016,1.79221560196894E-016,1.74793927233647E-016,1.69550924199699E-016,1.63659741187502E-016,1.57271135039992E-016,1.50519398859188E-016,1.43522785810647E-016,1.363842497484E-016,1.29192395655256E-016,1.22022557472245E-016,1.14937940629672E-016,1.07990782364744E-016,1.01223495442246E-016,9.46697707853362E-017,8.83556222698222E-017,8.23003629464793E-017,7.65175065689983E-017,7.10155917966625E-017,6.57989290374573E-017
1.12984355437501E-017,2.3285310862482E-017,3.59407011434378E-017,4.92346844144891E-017,6.31257524024895E-017,7.75590196774425E-017,9.24642078444029E-017,1.07753379073175E-016,1.23318390547176E-016,1.39028038448324E-016,1.54724856854548E-016,1.70221533389692E-016,1.85296899610646E-016,1.86082962538715E-016,1.852464610347E-016,1.83004083413656E-016,1.79564968677874E-016,1.75126595277649E-016,1.69872145818038E-016,1.63969000201439E-016,1.57568079110242E-016,1.50803816497976E-016,1.43794586040657E-016,1.36643444116027E-016,1.29439082341551E-016,1.22256907275236E-016,1.15160184617504E-016,1.08201201021235E-016,1.01422409145605E-016,9.48575314775381E-017,8.85326061888688E-017,8.24669643068055E-017,7.66741320868977E-017,7.1162655967982E-017,6.59368500841284E-017
1.13413246414766E-017,2.33698298639125E-017,3.60652566589882E-017,4.93973484548843E-017,6.33242681279956E-017,7.7790814622321E-017,9.27264161456782E-017,1.08042874468397E-016,1.23631832173279E-016,1.3936193177677E-016,1.55075632440901E-016,1.70585646503326E-016,1.8567095424753E-016,1.86451609243494E-016,1.8560790572081E-016,1.83356864549899E-016,1.79907914582597E-016,1.75458786434387E-016,1.70192881582373E-016,1.64277769364942E-016,1.5786453386525E-016,1.51087749410613E-016,1.44065909691832E-016,1.36902173113634E-016,1.29685317443513E-016,1.22490821393792E-016,1.15382010501407E-016,1.08411220435086E-016,1.01620943385169E-016,9.50449330769674E-017,8.87092516908464E-017,8.2633247979927E-017,7.68304604864713E-017,7.13094432470016E-017,6.6074513970661E-017
1.13842736979726E-017,2.34544497213976E-017,3.61899355212512E-017,4.9560140851017E-017,6.3522900928521E-017,7.80227005192124E-017,9.29886761153579E-017,1.08332370970162E-016,1.23945215100396E-016,1.39695699477495E-016,1.55426210466107E-016,1.70949487120795E-016,1.86044660195436E-016,1.86819870389588E-016,1.85968933489194E-016,1.83709203152791E-016,1.80250398101401E-016,1.7579050096572E-016,1.70513131815074E-016,1.64586049049386E-016,1.58160499713911E-016,1.5137119803242E-016,1.44336757215515E-016,1.37160437199086E-016,1.29931101417058E-016,1.22724300274516E-016,1.15603418712422E-016,1.0862084101664E-016,1.01819098546501E-016,9.52319759413173E-017,8.88855591033938E-017,8.27992142620583E-017,7.69864920318561E-017,7.14559538657478E-017,6.62119208974638E-017
1.14272826282234E-017,2.35391702400059E-017,3.63147374143623E-017,4.97230611678979E-017,6.37216502632064E-017,7.82546767444121E-017,9.32509870777591E-017,1.08621867887397E-016,1.24258538662148E-016,1.40029340950209E-016,1.55776590436641E-016,1.71313054893673E-016,1.8641801728605E-016,1.87187745905533E-016,1.86329544363347E-016,1.84061099335329E-016,1.80592419428692E-016,1.7612173913755E-016,1.70832896842522E-016,1.64893839630136E-016,1.5845597706908E-016,1.51654162802652E-016,1.44607129066967E-016,1.37418236834146E-016,1.30176434721979E-016,1.22957344367858E-016,1.1582440968541E-016,1.08830063180025E-016,1.02016875018912E-016,9.54186604319835E-017,8.90615287578011E-017,8.2964863453006E-017,7.71422269907149E-017,7.16021880596993E-017,6.63490710683179E-017
1.14703513474345E-017,2.36239912253308E-017,3.6439662023371E-017,4.98861089719157E-017,6.3920515593087E-017,7.848674267665E-017,9.35133483601603E-017,1.08911364532468E-016,1.24571802195996E-016,1.4036285559874E-016,1.56126771863234E-016,1.71676349477772E-016,1.86791025355114E-016,1.87555235723946E-016,1.86689738370836E-016,1.8441255321457E-016,1.80933978762909E-016,1.76452501219776E-016,1.71152176995066E-016,1.65201141486492E-016,1.58750966347521E-016,1.51936644164452E-016,1.44877025705309E-016,1.37675572484415E-016,1.30421317821883E-016,1.23189954128059E-016,1.16044983858997E-016,1.09038887343099E-016,1.02214273195404E-016,9.56049869140096E-017,8.92371609889552E-017,8.31301958561159E-017,7.72976656341852E-017,7.17481460677388E-017,6.64859646903303E-017
1.1513479771032E-017,2.37089124834879E-017,3.65647090342364E-017,5.00492838308308E-017,6.41194963810842E-017,7.87188976970786E-017,9.37757592927869E-017,1.09200860221163E-016,1.2488500504321E-016,1.40696242831002E-016,1.56476754260844E-016,1.72039370533114E-016,1.87163684242399E-016,1.87922339781491E-016,1.87049515543273E-016,1.84763564911587E-016,1.81275076306474E-016,1.7678278748625E-016,1.71470972606971E-016,1.65507955001639E-016,1.59045467969857E-016,1.52218642564792E-016,1.4514644759347E-016,1.37932444619276E-016,1.30665751184138E-016,1.23422130013096E-016,1.16265141675511E-016,1.09247313927396E-016,1.02411293472615E-016,9.5790955756032E-017,8.94124561352866E-017,8.32952117782214E-017,7.7452808236829E-017,7.18938281321033E-017,6.66226019738857E-017
1.15566678146604E-017,2.37939338211131E-017,3.66898781338238E-017,5.02125853137692E-017,6.43185920919967E-017,7.89511411892619E-017,9.40382192087966E-017,1.09490354272673E-016,1.25198146548852E-016,1.41029502058975E-016,1.56826537148628E-016,1.724021177239E-016,1.87535993791665E-016,1.88289058018841E-016,1.87408875916268E-016,1.85114134551431E-016,1.81615712265756E-016,1.77112598214727E-016,1.71789284016375E-016,1.65814280562601E-016,1.59339482360515E-016,1.52500158454424E-016,1.45415395198131E-016,1.38188853711844E-016,1.30909735279815E-016,1.23653872484624E-016,1.16484883580933E-016,1.09455343358065E-016,1.02607936250766E-016,9.59765673302261E-017,8.95874145387161E-017,8.34599115295915E-017,7.76076550765828E-017,7.20392344983362E-017,6.67589831326014E-017
1.15999153941825E-017,2.38790550453599E-017,3.68151690099006E-017,5.03760129912168E-017,6.45178021924918E-017,7.91834725391631E-017,9.43007274442641E-017,1.09779846009576E-016,1.25511226061754E-016,1.4136263269868E-016,1.57176120049915E-016,1.7276459071848E-016,1.87907953850637E-016,1.88655390380648E-016,1.87767819529399E-016,1.85464262263091E-016,1.81955886851022E-016,1.7744193368683E-016,1.72107111565238E-016,1.66120118560187E-016,1.59633009947679E-016,1.52781192287824E-016,1.45683868989674E-016,1.38444800238904E-016,1.31153270583635E-016,1.23885182007919E-016,1.16704210024838E-016,1.09662976063821E-016,1.02804201933603E-016,9.6161822012253E-017,8.97620365446032E-017,8.36242954238802E-017,7.77622064347079E-017,7.21843654152399E-017,6.68951083832804E-017
1.16432224256782E-017,2.39642759638975E-017,3.69405813511319E-017,5.05395664350126E-017,6.47171261510976E-017,7.9415891135134E-017,9.45632833381675E-017,1.10069334757818E-016,1.25824242934499E-016,1.41695634170151E-016,1.5752550249218E-016,1.73126789189326E-016,1.88279564270968E-016,1.89021336815508E-016,1.88126346426174E-016,1.85813948179454E-016,1.82295600276402E-016,1.77770794187997E-016,1.72424455599298E-016,1.66425469388948E-016,1.59926051163236E-016,1.53061744523145E-016,1.45951869442125E-016,1.38700284680866E-016,1.31396357573915E-016,1.24116059051829E-016,1.16923121460342E-016,1.09870212476885E-016,1.03000090928348E-016,9.63467201812066E-017,8.99363225016939E-017,8.3788363778076E-017,7.7916462595742E-017,7.23292211348283E-017,6.7030977945867E-017
1.16865888254436E-017,2.40495963849084E-017,3.7066114847077E-017,5.07032452183434E-017,6.49165634381934E-017,7.96483963679032E-017,9.48258862323731E-017,1.10358819846693E-016,1.26137196523395E-016,1.42028505897417E-016,1.57874684007015E-016,1.73488712813E-016,1.88650824908213E-016,1.89386897275925E-016,1.88484456653993E-016,1.86163192437267E-016,1.82634852759843E-016,1.78099180007441E-016,1.72741316468025E-016,1.66730333447126E-016,1.60218606442732E-016,1.5334181562216E-016,1.46219397033106E-016,1.38955307521703E-016,1.3163899673251E-016,1.24346504088713E-016,1.17141618344047E-016,1.10077053032936E-016,1.0319560364564E-016,9.65312622195614E-017,9.011027276207E-017,8.39521169124524E-017,7.80704238474508E-017,7.24738019122802E-017,6.71665920434011E-017
1.17300145099898E-017,2.41350161170863E-017,3.71917691881858E-017,5.08670489157375E-017,6.5116113526002E-017,7.98809876305649E-017,9.50885354716214E-017,1.10648300608832E-016,1.26450086188459E-016,1.42361247308474E-016,1.58223664130105E-016,1.73850361270127E-016,1.89021735621793E-016,1.89752071718282E-016,1.88842150264112E-016,1.86511995177101E-016,1.82973644523071E-016,1.78427091438109E-016,1.73057694524576E-016,1.67034711136607E-016,1.60510676225315E-016,1.53621406050217E-016,1.4648645224378E-016,1.39209869248903E-016,1.31881188544765E-016,1.24576517594394E-016,1.17359701135986E-016,1.10283498171053E-016,1.03390740499487E-016,9.67154485131208E-017,9.02838876810982E-017,8.41155551505183E-017,7.82240904807802E-017,7.26181080058933E-017,6.73019509019741E-017
1.17734993960423E-017,2.42205349696339E-017,3.73175440657941E-017,5.10309771030591E-017,6.53157758885812E-017,8.0113664318568E-017,9.5351230403513E-017,1.10937776380178E-016,1.26762911293395E-016,1.42693857835262E-016,1.58572442401201E-016,1.74211734245365E-016,1.89392296274971E-016,1.90116860102802E-016,1.89199427311612E-016,1.86860356543307E-016,1.8331197579155E-016,1.78754528776634E-016,1.7337359012575E-016,1.67338602862876E-016,1.60802260953696E-016,1.53900516276187E-016,1.46753035558802E-016,1.39463970353418E-016,1.32122933499458E-016,1.24806100048101E-016,1.17577370299573E-016,1.10489548333665E-016,1.03585501907214E-016,9.68992794509661E-017,9.04571676173806E-017,8.42786788189698E-017,7.83774627898093E-017,7.27621396770388E-017,6.74370547506853E-017
1.18170434005402E-017,2.43061527522607E-017,3.74434391721208E-017,5.11950293575018E-017,6.55155500018153E-017,8.03464258297046E-017,9.56139703784939E-017,1.11227246499972E-016,1.27075671205573E-016,1.43026336913643E-016,1.58921018364091E-016,1.74572831427377E-016,1.89762506734815E-016,1.90481262393522E-016,1.89556287855357E-016,1.87208276683987E-016,1.83649846794441E-016,1.79081492323298E-016,1.73689003631942E-016,1.67642009034969E-016,1.61093361074091E-016,1.54179146772411E-016,1.47019147466266E-016,1.3971761132961E-016,1.32364232088752E-016,1.25035251932418E-016,1.17794626301551E-016,1.10695203966499E-016,1.0377988828941E-016,9.70827554254064E-017,9.06301129327047E-017,8.44414882476417E-017,7.85305410717033E-017,7.29058971901158E-017,6.75719038215981E-017
1.18606464406349E-017,2.43918692751808E-017,3.75694542002632E-017,5.13592052575833E-017,6.5715435343407E-017,8.0579271564099E-017,9.5876754749842E-017,1.11516710310738E-016,1.27388365296009E-016,1.43358683983375E-016,1.59269391566579E-016,1.74933652508802E-016,1.90132366872172E-016,1.90845278558254E-016,1.89912731957965E-016,1.87555755750947E-016,1.83987257764562E-016,1.79407982381986E-016,1.740039354071E-016,1.67944930065424E-016,1.61383977036181E-016,1.54457298014656E-016,1.47284788457657E-016,1.39970792675198E-016,1.32605084808139E-016,1.25263973733234E-016,1.18011469611937E-016,1.10900465518527E-016,1.03973900069875E-016,9.72658768319278E-017,9.08027239919953E-017,8.46039837694602E-017,7.86833256266678E-017,7.30493808125072E-017,6.77064983496977E-017
1.19043084336894E-017,2.44776843491106E-017,3.76955888441938E-017,5.15235043831395E-017,6.5915431392869E-017,8.08122009241972E-017,9.61395828736528E-017,1.11806167158262E-016,1.27700992939344E-016,1.43690898488092E-016,1.59617561560454E-016,1.75294197186228E-016,1.90501876561637E-016,1.91208908568559E-016,1.9026875968577E-016,1.87902793899667E-016,1.84324208938351E-016,1.79733999260149E-016,1.74318385818682E-016,1.68247366370244E-016,1.61674109293062E-016,1.54734970482065E-016,1.47549959027799E-016,1.40223514891213E-016,1.32845492156393E-016,1.2549226593969E-016,1.18227900703973E-016,1.11105333441918E-016,1.04167537675577E-016,9.7448644069145E-017,9.09750011632655E-017,8.47661657203953E-017,7.88358167579029E-017,7.31925908145353E-017,6.78408385728476E-017
1.19480292972773E-017,2.45635977852672E-017,3.7821842798756E-017,5.16879263153185E-017,6.61155376315158E-017,8.10452133147552E-017,9.64024541088255E-017,1.12095616391577E-016,1.28013553513824E-016,1.4402297987528E-016,1.59965527901467E-016,1.75654465160164E-016,1.90871035681524E-016,1.91572152399709E-016,1.90624371108786E-016,1.88249391289261E-016,1.84660700555825E-016,1.80059543268756E-016,1.74632355237612E-016,1.68549318368841E-016,1.61963758301196E-016,1.55012164657106E-016,1.47814659674809E-016,1.40475778481944E-016,1.33085454635515E-016,1.25720129044128E-016,1.18443920054074E-016,1.11309808191984E-016,1.04360801536594E-016,9.76310575387519E-017,9.11469448175693E-017,8.4928034439415E-017,7.8988014771558E-017,7.33355274694181E-017,6.79749247317489E-017
1.19918089491821E-017,2.46496093953657E-017,3.79482157596612E-017,5.18524706365751E-017,6.6315753542456E-017,8.12783081428288E-017,9.66653678170496E-017,1.12385057362946E-016,1.28326046401282E-016,1.4435492759625E-016,1.60313290149306E-016,1.76014456135013E-016,1.91239844113836E-016,1.91935010030661E-016,1.9097956630068E-016,1.88595548082443E-016,1.84996732860541E-016,1.80384614722259E-016,1.74945844038238E-016,1.68850786484002E-016,1.62252924520369E-016,1.55288881025529E-016,1.48078890900045E-016,1.4072758395489E-016,1.3332497275069E-016,1.25947563542044E-016,1.18659528141781E-016,1.11513890227135E-016,1.04553692086071E-016,9.78131176454733E-017,9.13185553289545E-017,8.50895902684389E-017,7.91399199766875E-017,7.34781910532268E-017,6.81087570698978E-017
1.20356473073963E-017,2.47357189916171E-017,3.80747074234841E-017,5.2017136930665E-017,6.65160786105836E-017,8.15114848177625E-017,9.69283233627905E-017,1.12674489427844E-016,1.28638470987117E-016,1.44686741106123E-016,1.6066084786757E-016,1.76374169819041E-016,1.91608301744237E-016,1.92297481444019E-016,1.9133434533873E-016,1.88941264445487E-016,1.8533230609956E-016,1.80709213938552E-016,1.75258852598289E-016,1.69151771141836E-016,1.62541608413643E-016,1.55565120076316E-016,1.48342653208061E-016,1.4097893182071E-016,1.3356404701023E-016,1.26174569932035E-016,1.18874725449708E-016,1.11717580008826E-016,1.04746209760169E-016,9.7994824797018E-017,9.14898330744156E-017,8.52508335522928E-017,7.92915326852064E-017,7.36205818448424E-017,6.82423358335452E-017
1.20795442901201E-017,2.48219263867266E-017,3.82013174876599E-017,5.2181924782639E-017,6.67165123225704E-017,8.17447427511791E-017,9.71913201132764E-017,1.12963911944945E-016,1.28950826660273E-016,1.450184198638E-016,1.61008200623743E-016,1.76733605924353E-016,1.9197640846202E-016,1.9265956662601E-016,1.91688708303796E-016,1.89286540548197E-016,1.85667420523406E-016,1.81033341238928E-016,1.75571381298832E-016,1.69452272771737E-016,1.62829810447311E-016,1.55840882301634E-016,1.48605947106558E-016,1.41229822593177E-016,1.33802677925531E-016,1.26401148715749E-016,1.19089512463496E-016,1.11920878001508E-016,1.04938354998015E-016,9.81761794040303E-017,9.16607784338478E-017,8.54117646386634E-017,7.94428532118465E-017,7.37627001259138E-017,6.83756612716554E-017
1.21234998157611E-017,2.49082313938913E-017,3.83280456504797E-017,5.23468337788375E-017,6.69170541668579E-017,8.19780813569684E-017,9.74543574384846E-017,1.13253324276099E-016,1.2926311281322E-016,1.45349963331946E-016,1.61355347989168E-016,1.77092764166867E-016,1.92344164160082E-016,1.93021265566448E-016,1.92042655280285E-016,1.89631376563864E-016,1.86002076386031E-016,1.81356996948042E-016,1.75883430524232E-016,1.69752291806336E-016,1.63117531090851E-016,1.56116168196791E-016,1.48868773106334E-016,1.41480256789127E-016,1.3404086601102E-016,1.26627300397843E-016,1.19303889671763E-016,1.12123784672584E-016,1.05130128241661E-016,9.83571818800446E-017,9.18313917900014E-017,8.55723838780544E-017,7.95938818741137E-017,7.39045461808162E-017,6.85087336358668E-017
1.21675138029331E-017,2.49946338267981E-017,3.84548916110879E-017,5.2511863506885E-017,6.71177036336494E-017,8.22115000512775E-017,9.7717434711128E-017,1.13542725786323E-016,1.29575328841936E-016,1.4568137097696E-016,1.61702289539028E-016,1.77451644266283E-016,1.92711568734896E-016,1.93382578258704E-016,1.9239618635612E-016,1.89975772669238E-016,1.86336273944776E-016,1.8168018139387E-016,1.76195000662111E-016,1.70051828681462E-016,1.63404770816886E-016,1.5639097826019E-016,1.49131131721244E-016,1.41730234928415E-016,1.34278611784112E-016,1.26853025485927E-016,1.19517857566054E-016,1.12326300492358E-016,1.05321529936029E-016,9.85378326414381E-017,9.20016735284369E-017,8.57326916237419E-017,7.97446189922449E-017,7.40461202966101E-017,6.86415531804515E-017
1.22115861704552E-017,2.50811334996216E-017,3.85818550694777E-017,5.26770135556844E-017,6.73184602149019E-017,8.24449982524999E-017,9.7980551306642E-017,1.13832115843778E-016,1.29887474145886E-016,1.46012642268962E-016,1.62049024852314E-016,1.77810245946059E-016,1.93078622086477E-016,1.93743504699678E-016,1.92749301622706E-016,1.9031972904449E-016,1.86670013460336E-016,1.82002894907671E-016,1.76506092103306E-016,1.70350883836095E-016,1.63691530101134E-016,1.56665312993283E-016,1.49393023468149E-016,1.41979757533865E-016,1.34515915765159E-016,1.27078324490522E-016,1.19731416640799E-016,1.12528425933991E-016,1.05512560528869E-016,9.87181321073865E-017,9.21716240374798E-017,8.58926882317315E-017,7.98950648891661E-017,7.41874227629996E-017,6.87741201622766E-017
1.22557168373512E-017,2.51677302270221E-017,3.8708935726488E-017,5.28422835154113E-017,6.75193234043189E-017,8.26785753812646E-017,9.82437066031705E-017,1.14121493819757E-016,1.30199548128004E-016,1.46343776681764E-016,1.62395553511804E-016,1.78168568933385E-016,1.93445324118361E-016,1.94104044889764E-016,1.93102001174896E-016,1.90663245873177E-016,1.87003295196721E-016,1.82325137823949E-016,1.76816705241831E-016,1.70649457712328E-016,1.6397780942237E-016,1.56939172900527E-016,1.4965444886687E-016,1.42228825131226E-016,1.34752778477406E-016,1.27303197925012E-016,1.19944567393262E-016,1.12730161473449E-016,1.05703220470715E-016,9.88980806998175E-017,9.23412437081768E-017,8.60523740607147E-017,8.00452198904504E-017,7.43284538722932E-017,6.89064348407649E-017
1.22999057228484E-017,2.52544238241436E-017,3.88361332837995E-017,5.30076729775088E-017,6.77202926973417E-017,8.29122308604265E-017,9.85068999815537E-017,1.14410859088668E-016,1.30511550194675E-016,1.46674773692852E-016,1.62741875104042E-016,1.78526612959156E-016,1.93811674737572E-016,1.94464198832827E-016,1.93454285110964E-016,1.91006323342207E-016,1.87336119421221E-016,1.82646910480415E-016,1.77126840474833E-016,1.70947550755326E-016,1.6426360926238E-016,1.5721255848934E-016,1.49915408440146E-016,1.42477438249127E-016,1.34989200446942E-016,1.27527646305596E-016,1.20157310323497E-016,1.12931507589465E-016,1.05893510214836E-016,9.90776788433674E-017,9.25105329342521E-017,8.62117494720269E-017,8.0195084324277E-017,7.44692139193633E-017,6.90384974778567E-017
1.23441527463769E-017,2.53412141066116E-017,3.89634474439314E-017,5.31731815346821E-017,6.79213675911424E-017,8.31459641150555E-017,9.87701308253141E-017,1.14700211028017E-016,1.30823479755711E-016,1.47005632783361E-016,1.63087989219306E-016,1.78884377757942E-016,1.94177673854599E-016,1.94823966536167E-016,1.93806153532566E-016,1.91348961641811E-016,1.87668486404371E-016,1.82968213217945E-016,1.77436498202556E-016,1.71245163413279E-016,1.64548930105918E-016,1.57485470270055E-016,1.50175902713588E-016,1.42725597419028E-016,1.35225182202657E-016,1.27751670151244E-016,1.203696459343E-016,1.13132464763486E-016,1.0608343021719E-016,9.92569269653362E-017,9.26794921120643E-017,8.63708148296049E-017,8.03446585213901E-017,7.46097032016067E-017,6.91703083379718E-017
1.23884578275689E-017,2.54281008905315E-017,3.90908779102377E-017,5.33388087808926E-017,6.8122547584616E-017,8.33797745724268E-017,9.90333985206441E-017,1.14989549018392E-016,1.31135336224338E-016,1.47336353438057E-016,1.63433895451591E-016,1.79241863067972E-016,1.94543321383363E-016,1.95183348010492E-016,1.94157606544715E-016,1.91691160965499E-016,1.88000396419914E-016,1.83289046380551E-016,1.77745678828301E-016,1.71542296137369E-016,1.64833772440667E-016,1.57757908755881E-016,1.50435932215636E-016,1.42973303175179E-016,1.35460724276196E-016,1.27975269983652E-016,1.20581574731165E-016,1.13333033479634E-016,1.06272980936384E-016,9.94358254956443E-017,9.28481216405636E-017,8.65295704999458E-017,8.0493942815059E-017,7.47499220189059E-017,6.93018676879723E-017
1.24328208862577E-017,2.55150839924859E-017,3.9218424386904E-017,5.35045543113529E-017,6.83238321783726E-017,8.36136616620102E-017,9.92967024563925E-017,1.15278872443448E-016,1.31447119017176E-016,1.47666935145314E-016,1.63779593398583E-016,1.79599068631096E-016,1.94908617241197E-016,1.95542343269888E-016,1.94508644255745E-016,1.92032921510038E-016,1.88331849744766E-016,1.83609410315334E-016,1.78054382758385E-016,1.71838949381723E-016,1.65118136757194E-016,1.58029874462858E-016,1.5069549747751E-016,1.43220556054574E-016,1.35695827201911E-016,1.28198446327193E-016,1.20793097222241E-016,1.13533214224657E-016,1.0646216283363E-016,9.96143748667892E-017,9.30164219212496E-017,8.66880168520654E-017,8.06429375410376E-017,7.48898706735905E-017,6.94331757971248E-017
1.24772418424768E-017,2.56021632295335E-017,3.93460865789433E-017,5.36704177225213E-017,6.85252208747301E-017,8.384762481546E-017,9.9560042024052E-017,1.15568180689893E-016,1.31758827554217E-016,1.47997377397093E-016,1.64125082661635E-016,1.7995599419277E-016,1.95273561348811E-016,1.95900952331792E-016,1.94859266777281E-016,1.9237424347541E-016,1.88662846658981E-016,1.83929305372456E-016,1.78362610402108E-016,1.72135123603378E-016,1.65402023548911E-016,1.58301367909812E-016,1.50954599033175E-016,1.43467356596906E-016,1.35930491516824E-016,1.28421199708879E-016,1.21004213918284E-016,1.13733007487889E-016,1.06650976372696E-016,9.97925755138035E-017,9.31843933581297E-017,8.68461542574578E-017,8.07916430375258E-017,7.50295494703987E-017,6.9564232937064E-017
1.25217206164593E-017,2.56893384192061E-017,3.94738641921933E-017,5.38363986120966E-017,6.87267131777062E-017,8.40816634666055E-017,9.98234166177464E-017,1.15857473147468E-016,1.32070461258811E-016,1.4832767968892E-016,1.64470362845744E-016,1.80312639502022E-016,1.95638153630272E-016,1.96259175216961E-016,1.95209474224213E-016,1.92715127064784E-016,1.88993387445717E-016,1.84248731905096E-016,1.78670362171707E-016,1.72430819262238E-016,1.65685433312032E-016,1.58572389618318E-016,1.51213237419292E-016,1.43713705344526E-016,1.36164717760576E-016,1.28643530658313E-016,1.21214925332616E-016,1.13932413761203E-016,1.06839422019868E-016,9.99704278742116E-017,9.3352036357678E-017,8.70039830900553E-017,8.09400596451293E-017,7.51689587164403E-017,6.96950393817567E-017
1.25662571286367E-017,2.57766093795076E-017,3.96017569333124E-017,5.40024965790124E-017,6.89283085930116E-017,8.43157770514403E-017,1.00086825634218E-016,1.16146749208934E-016,1.32382019557644E-016,1.48657841519867E-016,1.64815433559526E-016,1.80669004311436E-016,1.96002394012974E-016,1.96617011949444E-016,1.95559266714656E-016,1.93055572484482E-016,1.89323472391201E-016,1.8456769026942E-016,1.78977638482326E-016,1.72726036821038E-016,1.65968366545536E-016,1.58842940112656E-016,1.51471413175179E-016,1.43959602842399E-016,1.36398506475388E-016,1.28865439707644E-016,1.21425231981081E-016,1.1413143353897E-016,1.07027500243909E-016,1.00147932387989E-016,9.3519351328794E-017,8.71615037261884E-017,8.10881877068223E-017,7.53080987211586E-017,6.98255954074654E-017
1.26108512996384E-017,2.58639759289114E-017,3.97297645097768E-017,5.41687112234325E-017,6.91300066280417E-017,8.45499650081129E-017,1.00350268472813E-016,1.16436008270057E-016,1.32693501880724E-016,1.48987862392528E-016,1.65160294415197E-016,1.81025088377118E-016,1.96366282427612E-016,1.96974462556553E-016,1.9590864436993E-016,1.93395579943947E-016,1.89653101784696E-016,1.84886180824544E-016,1.79284439751973E-016,1.730207767453E-016,1.66250823751123E-016,1.59113019919768E-016,1.51729126842766E-016,1.44205049638061E-016,1.36631858206015E-016,1.2908692739153E-016,1.21635134382003E-016,1.14330067318018E-016,1.0721521151601E-016,1.00325089497521E-016,9.36863386827628E-017,8.73187165445468E-017,8.12360275679085E-017,7.54469697962944E-017,6.99559012927132E-017
1.26555030502909E-017,2.59514378863588E-017,3.98578866298763E-017,5.43350421467449E-017,6.93318067918699E-017,8.47842267769164E-017,1.00613744535474E-016,1.16725249729593E-016,1.33004907661358E-016,1.49317741813003E-016,1.65504945028545E-016,1.81380891458676E-016,1.96729818808157E-016,1.97331527068837E-016,1.96257607314521E-016,1.93735149655713E-016,1.89982275918466E-016,1.85204203932493E-016,1.79590766401487E-016,1.73315039503303E-016,1.66532805433178E-016,1.59382629569223E-016,1.51986378966558E-016,1.44450046281578E-016,1.36864773499709E-016,1.29307994247092E-016,1.21844633056143E-016,1.14528315597587E-016,1.07402556309757E-016,1.00501899647561E-016,9.38529988332149E-017,8.74756219261402E-017,8.13835795759837E-017,7.55855722558485E-017,7.00859573182483E-017
1.27002123016166E-017,2.60389950712567E-017,3.99861230027119E-017,5.45014889515572E-017,6.953370859524E-017,8.50185618002789E-017,1.00877253226722E-016,1.1701447298927E-016,1.33316236336137E-016,1.49647479290874E-016,1.65849385018912E-016,1.81736413319196E-016,1.97093003091829E-016,1.97688205520053E-016,1.96606155676057E-016,1.94074281835368E-016,1.90310995087743E-016,1.85521759958175E-016,1.798966188545E-016,1.73608825566035E-016,1.66814312098729E-016,1.5965176959317E-016,1.52243170093591E-016,1.44694593325505E-016,1.3709725290617E-016,1.29528640813868E-016,1.22053728526654E-016,1.14726178879288E-016,1.07589535101084E-016,1.00678363285192E-016,9.40193321960869E-017,8.76322202542601E-017,8.15308440808986E-017,7.57239064160467E-017,7.02157637670096E-017
1.27449789748335E-017,2.61266473034761E-017,4.01144733381914E-017,5.46680512416911E-017,6.97357115505586E-017,8.52529695227539E-017,1.01140793953645E-016,1.17303677453776E-016,1.33627487344918E-016,1.49977074339184E-016,1.66193614009168E-016,1.82091653725215E-016,1.97455835219073E-016,1.98044497947137E-016,1.96954289585278E-016,1.94412976701528E-016,1.90639259590694E-016,1.8583884926934E-016,1.80201997537398E-016,1.73902135407165E-016,1.67095344257409E-016,1.59920440526304E-016,1.5249950077339E-016,1.44938691324842E-016,1.37329296977512E-016,1.29748867633782E-016,1.22262421319046E-016,1.14923657667064E-016,1.07776148368236E-016,1.00854480859785E-016,9.41853391895826E-017,8.77885119144421E-017,8.16778214347218E-017,7.58619725953036E-017,7.0345320924092E-017
1.27898029913541E-017,2.621439440335E-017,4.02429373470269E-017,5.48347286221774E-017,6.99378151718882E-017,8.54874493910103E-017,1.0140436612589E-016,1.17592862530743E-016,1.33938660130806E-016,1.50306526474419E-016,1.66537631625689E-016,1.82446612446698E-016,1.9781831513353E-016,1.98400404390178E-016,1.97302009176003E-016,1.94751234475806E-016,1.90967069728388E-016,1.86155472236546E-016,1.80506902879291E-016,1.74194969502999E-016,1.67375902421419E-016,1.60188642905823E-016,1.52755371557933E-016,1.45182340836998E-016,1.37560906268215E-016,1.29968675251091E-016,1.22470711961142E-016,1.15120752467148E-016,1.07962396591725E-016,1.0103025282296E-016,9.43510202341341E-017,8.79444972944275E-017,8.18245119917033E-017,7.59997711141873E-017,7.04746290767131E-017
1.28346842727844E-017,2.63022361916713E-017,4.03715147407309E-017,5.50015206992507E-017,7.014001897494E-017,8.57220008538227E-017,1.01667969155645E-016,1.1788202763073E-016,1.34249754140136E-016,1.50635835216488E-016,1.66881437498336E-016,1.82801289257014E-016,1.98180442782016E-016,1.98755924892391E-016,1.97649314585105E-016,1.95089055382777E-016,1.91294425804765E-016,1.86471629233128E-016,1.80811335311971E-016,1.74487328332446E-016,1.67655987105489E-016,1.60456377271391E-016,1.53010783001609E-016,1.45425542421745E-016,1.3779208133509E-016,1.30188064212354E-016,1.22678600983034E-016,1.15317463788023E-016,1.08148280254294E-016,1.01205679628547E-016,9.45163757523644E-017,8.81001767841271E-017,8.19709161082384E-017,7.61373022953847E-017,7.06036885141788E-017
1.28796227409236E-017,2.63901724896913E-017,4.05002052316135E-017,5.51684270803446E-017,7.03423224770662E-017,8.59566233620625E-017,1.01931602457631E-016,1.1817117216721E-016,1.34560768822456E-016,1.50965000088701E-016,1.67225031260434E-016,1.83155683932912E-016,1.98542218114494E-016,1.99111059500088E-016,1.9799620595248E-016,1.9542643964995E-016,1.91621328126602E-016,1.86787320635162E-016,1.81115295269883E-016,1.7477921237698E-016,1.67935598826839E-016,1.60723644165098E-016,1.53265735661178E-016,1.45668296641184E-016,1.38022822737236E-016,1.30407035066386E-016,1.2288608891705E-016,1.15513792140382E-016,1.08333799840879E-016,1.0138076173255E-016,9.46814061690488E-017,8.8255550775584E-017,8.21170341428325E-017,7.62745664636672E-017,7.07324995278507E-017
1.29246183177631E-017,2.64782031191175E-017,4.06290085327784E-017,5.53354473740865E-017,7.05447251972533E-017,8.61913163686874E-017,1.02195265449088E-016,1.18460295556557E-016,1.34871703630508E-016,1.51294020617751E-016,1.67568412548744E-016,1.83509796254497E-016,1.98903641084048E-016,1.99465808262655E-016,1.98342683421018E-016,1.95763387507737E-016,1.9194777700348E-016,1.87102546821431E-016,1.81418783190084E-016,1.75070622120607E-016,1.68214738105146E-016,1.60990444131423E-016,1.53520230095735E-016,1.45910604059702E-016,1.38253131036002E-016,1.30625588364222E-016,1.23093176297708E-016,1.15709738037089E-016,1.08518955838564E-016,1.01555499593105E-016,9.48461119110785E-017,8.84106196629372E-017,8.22628664560654E-017,7.64115639458566E-017,7.0861062411113E-017
1.29696709254853E-017,2.65663279021119E-017,4.07579243581204E-017,5.55025811902924E-017,7.07472266561152E-017,8.64260793287326E-017,1.02458957549762E-016,1.18749397218028E-016,1.35182558020213E-016,1.51622896333693E-016,1.67911581003449E-016,1.83863626005207E-016,1.99264711646863E-016,1.99820171232522E-016,1.98688747136578E-016,1.96099899189425E-016,1.92273772747757E-016,1.87417308173393E-016,1.81721799512214E-016,1.75361558049826E-016,1.68493405462501E-016,1.61256777717196E-016,1.53774266866668E-016,1.46152465243934E-016,1.38483006794946E-016,1.30843724659073E-016,1.23299863661681E-016,1.15905301993141E-016,1.08703748736549E-016,1.01729893670444E-016,9.50104934074231E-017,8.85653838423862E-017,8.24084134105567E-017,7.65482950707907E-017,7.09893774593402E-017
1.30147804864636E-017,2.66545466612892E-017,4.08869524223216E-017,5.56698281399621E-017,7.09498263758853E-017,8.66609116993012E-017,1.02722678181897E-016,1.19038476573749E-016,1.35493331450654E-016,1.51951626769924E-016,1.68254536268128E-016,1.84217172971789E-016,1.99625429762195E-016,2.00174148465136E-016,1.99034397247955E-016,1.96435974931144E-016,1.92599315674531E-016,1.8773160507515E-016,1.82024344678457E-016,1.75652020653593E-016,1.68771601423379E-016,1.61522645471561E-016,1.54027846537624E-016,1.46393880762726E-016,1.387124505798E-016,1.31061444506293E-016,1.23506151547757E-016,1.16100484525628E-016,1.08888179026109E-016,1.01903944426858E-016,9.51745510890947E-017,8.87198437121548E-017,8.25536753709312E-017,7.66847601692911E-017,7.11174449698649E-017
1.3059946923261E-017,2.67428592197146E-017,4.10160924408482E-017,5.58371878352744E-017,7.11525238804105E-017,8.68958129395548E-017,1.02986426770217E-016,1.19327533048703E-016,1.35804023384056E-016,1.52280211463167E-016,1.68597277989733E-016,1.84570436944275E-016,1.9998579539235E-016,2.00527740018939E-016,1.99379633906856E-016,1.96771614971837E-016,1.92924406101613E-016,1.88045437913411E-016,1.82326419133512E-016,1.7594201042329E-016,1.69049326514596E-016,1.61788047945939E-016,1.54280969674466E-016,1.46634851187095E-016,1.38941462958424E-016,1.31278748463337E-016,1.237120404968E-016,1.16295286153697E-016,1.09072247200558E-016,1.02077652326662E-016,9.53382853891116E-017,8.88739996724569E-017,8.26986527037847E-017,7.68209595741296E-017,7.12452652419458E-017
1.31051701586294E-017,2.68312654009024E-017,4.11453441299479E-017,5.60046598895819E-017,7.13553186951435E-017,8.71307825107045E-017,1.03250202741921E-016,1.19616566070713E-016,1.3611463328577E-016,1.52608649953446E-016,1.68939805818571E-016,1.84923417715961E-016,2.00345808502659E-016,2.00880945955338E-016,1.99724457267871E-016,1.97106819553233E-016,1.93249044349495E-016,1.88358807077464E-016,1.82628023324554E-016,1.76231527852687E-016,1.69326581265281E-016,1.62052985693989E-016,1.54533636845242E-016,1.46875377090191E-016,1.39170044500779E-016,1.31495637089725E-016,1.23917531051713E-016,1.16489707398513E-016,1.0925595375521E-016,1.02251017836154E-016,9.55016967424628E-017,8.90278521254608E-017,8.28433457776511E-017,7.69568936199957E-017,7.13728385767369E-017
1.31504501155093E-017,2.6919765028814E-017,4.12747072066456E-017,5.6172243917406E-017,7.15582103471359E-017,8.73658198760009E-017,1.03514005526666E-016,1.19905575070428E-016,1.3642516062426E-016,1.52936941784073E-016,1.69282119408282E-016,1.85276115083383E-016,2.00705469061455E-016,2.01233766338683E-016,2.00068867488445E-016,1.97441588919818E-016,1.93573230741318E-016,1.8867171295914E-016,1.82929157701206E-016,1.76520573437909E-016,1.69603366206835E-016,1.62317459271576E-016,1.54785848620143E-016,1.47115459047262E-016,1.39398195778878E-016,1.31712110947E-016,1.24122623757402E-016,1.16683748783222E-016,1.09439299187345E-016,1.02424041423584E-016,9.56647855860728E-017,8.91814014752559E-017,8.2987754962968E-017,7.70925626434643E-017,7.15001652772562E-017
1.31957867170284E-017,2.70083579278561E-017,4.14041813887414E-017,5.63399395344323E-017,7.1761198365032E-017,8.76009245007259E-017,1.03777834556558E-016,1.20194559481309E-016,1.36735604871082E-016,1.53265086501622E-016,1.69624218415816E-016,1.85628528846293E-016,2.01064777040045E-016,2.01586201236237E-016,2.00412864728853E-016,1.97775923318803E-016,1.93896965602844E-016,1.88984155952787E-016,1.83229822715504E-016,1.76809147677402E-016,1.69879681872898E-016,1.62581469236733E-016,1.55037605571471E-016,1.47355097635616E-016,1.3962591736676E-016,1.31928170598699E-016,1.24327319160734E-016,1.16877410832916E-016,1.0962228399617E-016,1.02596723559115E-016,9.58275523587667E-017,8.93346481278181E-017,8.31318806320447E-017,7.72279669829644E-017,7.16272456483546E-017
1.32411798865012E-017,2.70970439228786E-017,4.15337663948065E-017,5.65077463575057E-017,7.1964282279061E-017,8.78360958521831E-017,1.04041689266139E-016,1.20483518739618E-016,1.37045965500866E-016,1.53593083655919E-016,1.69966102501414E-016,1.8598065880764E-016,2.01423732412692E-016,2.01938250718153E-016,2.0075644915217E-016,1.98109823000099E-016,1.94220249262425E-016,1.89296136455232E-016,1.83530018821862E-016,1.77097251071896E-016,1.70155528799313E-016,1.62845016149626E-016,1.55288908273598E-016,1.47594293434584E-016,1.39853209840443E-016,1.32143816610307E-016,1.24531617810508E-016,1.17070694074594E-016,1.09804908682787E-016,1.02769064714789E-016,9.59899975012361E-017,8.94875924909765E-017,8.32757231590289E-017,7.73631069787469E-017,7.17540799966862E-017
1.32866295474283E-017,2.71858228391734E-017,4.16634619441808E-017,5.66756640046255E-017,7.2167461621031E-017,8.80713333996883E-017,1.04305569092377E-016,1.20772452284399E-016,1.37356241991305E-016,1.53920932800012E-016,1.70307771328587E-016,1.86332504773542E-016,2.01782335156587E-016,2.0228991485745E-016,2.01099620924245E-016,1.98443288216287E-016,1.94543082050973E-016,1.89607654865756E-016,1.83829746477044E-016,1.77384884124379E-016,1.70430907524094E-016,1.63108100572517E-016,1.55539757302936E-016,1.47833047025484E-016,1.40080073777896E-016,1.32359049549228E-016,1.24735520257413E-016,1.17263599037129E-016,1.09987173750152E-016,1.02941065364493E-016,9.61521214560047E-017,8.96402349743803E-017,8.34192829198754E-017,7.74979829728539E-017,7.18806686306778E-017
1.33321356234952E-017,2.72746945024721E-017,4.17932677569691E-017,5.68436920949406E-017,7.23707359243214E-017,8.83066366145614E-017,1.04569473474654E-016,1.21061359557465E-016,1.37666433823135E-016,1.54248633490164E-016,1.70649224564093E-016,1.86684066553271E-016,2.0214058525183E-016,2.02641193729988E-016,2.01442380213677E-016,1.9877631922259E-016,1.94865464301933E-016,1.8991871158606E-016,1.8412900614013E-016,1.77672047340056E-016,1.70705818587391E-016,1.63370723069732E-016,1.55790153237897E-016,1.48071358991586E-016,1.40306509758998E-016,1.32573869984746E-016,1.24939027053993E-016,1.1745612625123E-016,1.10169079703047E-016,1.03112725983924E-016,9.6313924667395E-017,8.97925759894659E-017,8.35625602923134E-017,7.7632595309088E-017,7.20070118604997E-017
1.33776980385723E-017,2.73636587389446E-017,4.19231835540384E-017,5.70118302487448E-017,7.25741047238771E-017,8.85420049701165E-017,1.04833401854752E-016,1.21350240003387E-016,1.37976540480119E-016,1.54576185285824E-016,1.70990461877919E-016,1.87035343959224E-016,2.02498482681401E-016,2.02992087414438E-016,2.01784727191787E-016,1.99108916276847E-016,1.95187396351249E-016,1.90229307020235E-016,1.84427798272483E-016,1.77958741226321E-016,1.70980262531456E-016,1.63632884207626E-016,1.5604009665886E-016,1.48309229918079E-016,1.40532518365505E-016,1.32788278487989E-016,1.25142138754614E-016,1.17648276249409E-016,1.10350627048039E-016,1.03284047050555E-016,9.6475407581495E-017,8.99446159494248E-017,8.37055556558155E-017,7.77669443329812E-017,7.21331099980359E-017
1.34233167167134E-017,2.74527153751969E-017,4.20532090570148E-017,5.71800780874719E-017,7.27775675562009E-017,8.87774379416537E-017,1.05097353676846E-016,1.21639093069478E-016,1.38286561449031E-016,1.54903587749617E-016,1.71331482943261E-016,1.87386336806905E-016,2.02856027431145E-016,2.03342595992267E-016,2.0212666203259E-016,1.99441079639483E-016,1.95508878537339E-016,1.90539441574731E-016,1.84726123337721E-016,1.78244966292724E-016,1.71254239900611E-016,1.63894584554549E-016,1.56289588148138E-016,1.48546660392029E-016,1.40758100181015E-016,1.33002275631896E-016,1.25344855915428E-016,1.17840049565946E-016,1.1053181629345E-016,1.03455029043601E-016,9.6636570646125E-017,9.00963552691712E-017,8.38482693915667E-017,7.7901030391766E-017,7.22589633568551E-017
1.34689915821554E-017,2.75418642382699E-017,4.21833439882805E-017,5.73484352336912E-017,7.29811239593477E-017,8.901293500645E-017,1.0536132838749E-016,1.21927918205781E-016,1.38596496219639E-016,1.55230840447319E-016,1.71672287436502E-016,1.87737044914901E-016,2.0321321948974E-016,2.03692719547703E-016,2.02468184912774E-016,1.99772809573483E-016,1.95829911201067E-016,1.9084911565833E-016,1.85023981801682E-016,1.78530723050938E-016,1.71527751241211E-016,1.64155824680811E-016,1.56538628289942E-016,1.48783651002354E-016,1.40983255790931E-016,1.33215861991179E-016,1.25547179094336E-016,1.18031446736853E-016,1.10712647949322E-016,1.03625672443986E-016,9.67974143108055E-017,9.02477943653106E-017,8.39907018824334E-017,7.80348538343443E-017,7.23845722521828E-017
1.35147225593175E-017,2.76311051556371E-017,4.23135880709702E-017,5.75169013111029E-017,7.31847734729172E-017,8.92484956437502E-017,1.05625325435608E-016,1.22216714865051E-016,1.38906344284692E-016,1.55557942947843E-016,1.7201287503719E-016,1.88087468104864E-016,2.03570058848684E-016,2.04042458167721E-016,2.02809296011668E-016,2.00104106344365E-016,1.96150494685711E-016,1.91158329682113E-016,1.85321374132398E-016,1.78816012014727E-016,1.71800797101619E-016,1.64416605158652E-016,1.56787217670345E-016,1.49020202339782E-016,1.41207985782428E-016,1.33429038142293E-016,1.2574910885096E-016,1.18222468299842E-016,1.10893122527383E-016,1.03795977734311E-016,9.69579390267252E-017,9.03989336561082E-017,8.4132853512933E-017,7.81684150112594E-017,7.25099370008717E-017
1.35605095728002E-017,2.77204379552033E-017,4.24439410289687E-017,5.7685475944533E-017,7.33885156380476E-017,8.94841193347585E-017,1.0588934427248E-016,1.22505482502749E-016,1.392161051399E-016,1.5588489482322E-016,1.72353245428024E-016,1.88437606201486E-016,2.03926545502263E-016,2.04391811942009E-016,2.03149995511222E-016,2.00434970220153E-016,1.96470629336938E-016,1.91467084059433E-016,1.85618300800059E-016,1.79100833699918E-016,1.72073378032166E-016,1.64676926562204E-016,1.57035356877254E-016,1.49256314996821E-016,1.41432290744422E-016,1.33641804663399E-016,1.259506457466E-016,1.18413114794292E-016,1.11073240541013E-016,1.0396594539882E-016,9.71181452467087E-017,9.05497735614583E-017,8.42747246692041E-017,7.83017142746653E-017,7.26350579213748E-017
1.36063525473851E-017,2.78098624653027E-017,4.25744025869078E-017,5.78541587599291E-017,7.3592349997409E-017,8.97198055626297E-017,1.06153384351731E-016,1.2279422057702E-016,1.39525778283921E-016,1.56211695648579E-016,1.72693398294827E-016,1.88787459032478E-016,2.04282679447537E-016,2.04740780962955E-016,2.0349028359598E-016,2.0076540147135E-016,1.96790315502773E-016,1.91775379205886E-016,1.85914762276989E-016,1.79385188624364E-016,1.72345494585126E-016,1.64936789467465E-016,1.57283046500374E-016,1.49491989567725E-016,1.4165617126753E-016,1.33854162134331E-016,1.26151790344211E-016,1.18603386761213E-016,1.11253002505214E-016,1.0413557592337E-016,9.72780334251855E-017,9.07003145028536E-017,8.44163157389765E-017,7.84347519782996E-017,7.2759935333717E-017
1.36522514080335E-017,2.78993785146969E-017,4.27049724701629E-017,5.80229493843557E-017,7.37962760951971E-017,8.99555538124605E-017,1.06417445129324E-016,1.23082928548685E-016,1.39835363218345E-016,1.56538345002133E-016,1.73033333326534E-016,1.8913702642855E-016,2.04638460684312E-016,2.05089365325612E-016,2.03830160453053E-016,2.01095400370913E-016,1.97109553533575E-016,1.92083215539278E-016,1.8621075903761E-016,1.79669077307918E-016,1.72617147314676E-016,1.65196194452259E-016,1.57530287131175E-016,1.49727226648462E-016,1.41879627944044E-016,1.34066111136562E-016,1.26352543208361E-016,1.18793284743216E-016,1.11432408936578E-016,1.04304869795397E-016,9.7437604018159E-017,9.08505569033547E-017,8.45576271115421E-017,7.85675284774538E-017,7.28845695594677E-017
1.36982060798864E-017,2.7988985932574E-017,4.28356504048503E-017,5.81918474459896E-017,7.40002934771265E-017,9.01913635712808E-017,1.06681526063546E-016,1.23371605881228E-016,1.40144859447678E-016,1.56864842465156E-016,1.73373050215164E-016,1.8948630822339E-016,2.04993889215123E-016,2.05437565127684E-016,2.04169626272098E-016,2.01424967194225E-016,1.9742834378201E-016,1.92390593479605E-016,1.86506291558417E-016,1.79952500272402E-016,1.72888336776876E-016,1.65455142096214E-016,1.57777079362858E-016,1.49962026836679E-016,1.42102661367893E-016,1.34277652253175E-016,1.26552904905205E-016,1.1898280928448E-016,1.11611460353251E-016,1.04473827503888E-016,9.75968574831756E-017,9.10005011875608E-017,8.46986591777255E-017,7.8700044128946E-017,7.30089609217141E-017
1.37442164882633E-017,2.8078684548546E-017,4.29664361178244E-017,5.8360852574115E-017,7.42044016904242E-017,9.04272343280456E-017,1.06945626614997E-016,1.23660252040781E-016,1.40454266479323E-016,1.57191187621971E-016,1.73712548655807E-016,1.89835304253643E-016,2.05348965045207E-016,2.05785380469499E-016,2.04508681245289E-016,2.01754102219071E-016,1.97746686603017E-016,1.92697513449016E-016,1.86801360317947E-016,1.80235458041575E-016,1.73159063529626E-016,1.65713632980719E-016,1.58023423790329E-016,1.5019639073167E-016,1.42325272134611E-016,1.34488786068825E-016,1.26752876002447E-016,1.1917196093072E-016,1.11790157274905E-016,1.04642449539345E-016,9.77557942792945E-017,9.11501477815791E-017,8.48394123298557E-017,7.88322992910926E-017,7.31331097450343E-017
1.37902825586614E-017,2.81684741926477E-017,4.30973293366743E-017,5.85299643991198E-017,7.44086002838237E-017,9.06631655736258E-017,1.07209746246579E-016,1.23948866496108E-016,1.40763583823573E-016,1.57517380059927E-016,1.74051828346603E-016,1.90184014358891E-016,2.05703688182486E-016,2.06132811453985E-016,2.04847325567298E-016,2.02082805725609E-016,1.98064582353791E-016,1.93003975871788E-016,1.87095965796751E-016,1.80517951141103E-016,1.73429328132644E-016,1.65971667688903E-016,1.58269321010161E-016,1.50430318934347E-016,1.4254746084131E-016,1.34699513169712E-016,1.26952457069312E-016,1.19360740229154E-016,1.11968500222705E-016,1.04810736393758E-016,9.79144148670576E-017,9.12994971129968E-017,8.49798869617374E-017,7.89642943236811E-017,7.32570163554704E-017
1.38364042167554E-017,2.82583546953346E-017,4.32283297897212E-017,5.86991825524904E-017,7.4612888807558E-017,9.08991568008002E-017,1.07473884423487E-016,1.24237448718599E-016,1.41072810993587E-016,1.57843419369388E-016,1.74390888988719E-016,1.90532438381628E-016,2.06058058637543E-016,2.06479858186647E-016,2.05185559435264E-016,2.0241107799635E-016,1.98382031393747E-016,1.93309981174303E-016,1.87390108477363E-016,1.80799980098533E-016,1.73699131147434E-016,1.66229246805597E-016,1.58514771620565E-016,1.50663812047206E-016,1.42769228086642E-016,1.34909834143544E-016,1.27151648676515E-016,1.19549147728474E-016,1.1214648971928E-016,1.04978688560575E-016,9.80727197084601E-017,9.14485496108513E-017,8.51200834686231E-017,7.90960295879431E-017,7.33806810805026E-017
1.38825813883964E-017,2.83483258874817E-017,4.33594372060156E-017,5.88685066668073E-017,7.48172668133535E-017,9.11352075042472E-017,1.07738040613199E-016,1.2452599818225E-016,1.41381947505379E-016,1.58169305143708E-016,1.74729730286338E-016,1.90880576167247E-016,2.06412076423602E-016,2.06826520775548E-016,2.05523383048775E-016,2.02738919316127E-016,1.98699034084501E-016,1.93615529785012E-016,1.87683788844274E-016,1.81081545443258E-016,1.73968473137253E-016,1.66486370917308E-016,1.5875977622136E-016,1.50896870674295E-016,1.42990574470768E-016,1.35119749579512E-016,1.27350451396226E-016,1.19737183978814E-016,1.12324126288691E-016,1.05146306534669E-016,9.82307092669211E-017,9.15973057056021E-017,8.52600022471856E-017,7.92275054465269E-017,7.35041042490235E-017
1.39288139996112E-017,2.84383876003816E-017,4.34906513153338E-017,5.90379363757409E-017,7.50217338544243E-017,9.13713171805358E-017,1.08002214285461E-016,1.24814514363655E-016,1.41690992877802E-016,1.5849503697922E-016,1.7506835194663E-016,1.91228427564013E-016,2.06765741556505E-016,2.07172799331283E-016,2.05860796609841E-016,2.03066329972074E-016,1.99015590789839E-016,1.93920622134415E-016,1.87977007383902E-016,1.81362647706494E-016,1.74237354667084E-016,1.66743040612187E-016,1.59004335413941E-016,1.51129495421185E-016,1.43211500595334E-016,1.35329260068254E-016,1.27548865802043E-016,1.19924849531718E-016,1.12501410456402E-016,1.05313590812312E-016,9.83883840072542E-017,9.17457658291023E-017,8.53996436954896E-017,7.93587222634717E-017,7.36272861913122E-017
1.39751019766019E-017,2.85285396657427E-017,4.36219718481759E-017,5.92074713140471E-017,7.5226289485465E-017,9.16074853281182E-017,1.0826640491228E-016,1.25102996741992E-016,1.41999946632535E-016,1.58820614475218E-016,1.75406753679743E-016,1.91575992423047E-016,2.07119054054693E-016,2.07518693966958E-016,2.06197800322873E-016,2.033933102536E-016,1.99331701875695E-016,1.9422525865503E-016,1.88269764584567E-016,1.81643287421248E-016,1.74505776303605E-016,1.66999256479997E-016,1.5924844980125E-016,1.51361686894938E-016,1.43432007063431E-016,1.35538366201825E-016,1.27746892468957E-016,1.20112144940113E-016,1.12678342749247E-016,1.05480541891143E-016,9.85457443956398E-017,9.18939304145709E-017,8.55390082129661E-017,7.94896804041804E-017,7.37502272390089E-017
1.40214452457447E-017,2.8618781915688E-017,4.37533985357619E-017,5.93771111175626E-017,7.54309332626452E-017,9.18437114473208E-017,1.08530611967915E-016,1.25391444799007E-016,1.42308808294064E-016,1.59146037233935E-016,1.75744935198776E-016,1.91923270598305E-016,2.07472013939184E-016,2.07864204798165E-016,2.06534394394655E-016,2.03719860452362E-016,1.99647367710121E-016,1.94529439781369E-016,1.88562060936459E-016,1.81923465122289E-016,1.74773738615162E-016,1.67255019112088E-016,1.59492119987745E-016,1.5159344570408E-016,1.43652094479572E-016,1.3574706857367E-016,1.27944531973328E-016,1.20299070758277E-016,1.12854923695407E-016,1.05647160270141E-016,9.87027908995958E-017,9.20417998965652E-017,8.56780962003843E-017,7.96203802353948E-017,7.38729277250902E-017
1.40678437335899E-017,2.87091141827528E-017,4.388493111003E-017,5.95468554232009E-017,7.56356647436029E-017,9.20799950403363E-017,1.08794834928861E-016,1.25679858019005E-016,1.42617577389669E-016,1.59471304860533E-016,1.76082896219766E-016,1.92270261946556E-016,2.07824621233555E-016,2.08209331942967E-016,2.06870579034326E-016,2.04045980862246E-016,1.99962588663264E-016,1.94833165949908E-016,1.88853896931615E-016,1.82203181346123E-016,1.7504124217174E-016,1.67510329101365E-016,1.59735346579369E-016,1.51824772458564E-016,1.43871763449656E-016,1.35955367778589E-016,1.2814178489285E-016,1.20485627541808E-016,1.13031153824372E-016,1.05813446449594E-016,9.88595239879503E-017,9.21893747109533E-017,8.58169080598256E-017,7.9750822125169E-017,7.39953879838441E-017
1.41142973668605E-017,2.87995362998839E-017,4.40165693036327E-017,5.97167038689477E-017,7.58404834874388E-017,9.23163356112155E-017,1.09059073273846E-016,1.25968235888838E-016,1.42926253449412E-016,1.59796416963082E-016,1.76420636461668E-016,1.92616966327366E-016,2.08176875963917E-016,2.08554075521868E-016,2.07206354453354E-016,2.04371671779337E-016,2.00277365107342E-016,1.95136437599065E-016,1.89145273063889E-016,1.82482436630961E-016,1.75308287544932E-016,1.67765187042258E-016,1.59978130183523E-016,1.52055667769749E-016,1.44091014580945E-016,1.36163264412712E-016,1.28338651806524E-016,1.20671815847599E-016,1.13207033666922E-016,1.05979400931074E-016,9.90159441308136E-017,9.23366552948871E-017,8.59554441946576E-017,7.98810064428446E-017,7.41176083508456E-017
1.41608060724521E-017,2.88900481004373E-017,4.41483128499346E-017,5.98866560938565E-017,7.60453890547096E-017,9.2552732665859E-017,1.09323326483813E-016,1.26256577897888E-016,1.43234836006118E-016,1.60121373152544E-016,1.76758155646335E-016,1.92963383603075E-016,2.08528778158898E-016,2.08898435657797E-016,2.07541720865512E-016,2.04696933501899E-016,2.00591697416616E-016,1.9543925516917E-016,1.89436189828927E-016,1.82761231516694E-016,1.75574875307912E-016,1.68019593530694E-016,1.60220471409038E-016,1.52286132250363E-016,1.44309848482027E-016,1.36370759073466E-016,1.28535133294627E-016,1.20857636233805E-016,1.13382563755092E-016,1.06145024217406E-016,9.91720517995512E-017,9.24836420867764E-017,8.6093705009508E-017,8.00109335590251E-017,7.42395891629326E-017
1.42073697774319E-017,2.89806494181769E-017,4.42801614830096E-017,6.00567117380446E-017,7.62503810074227E-017,9.27891857120097E-017,1.09587594041916E-016,1.2654488353806E-016,1.43543324595361E-016,1.60446173042759E-016,1.77095453498502E-016,1.93309513638781E-016,2.08880327849622E-016,2.09242412476084E-016,2.07876678486859E-016,2.05021766330349E-016,2.00905585967366E-016,1.95741619102444E-016,1.89726647724139E-016,1.83039566544869E-016,1.75841006035409E-016,1.68273549164071E-016,1.60462370866143E-016,1.52516166514482E-016,1.44528265762794E-016,1.3657785235955E-016,1.28731229938685E-016,1.21043089259817E-016,1.13557744622143E-016,1.06310316812643E-016,9.93278474667561E-017,9.26303355262615E-017,8.62316909102388E-017,8.0140603845552E-017,7.43613307581819E-017
1.42539884090379E-017,2.90713400872729E-017,4.44121149376377E-017,6.02268704426887E-017,7.64554589090293E-017,9.30256942592439E-017,1.09851875433506E-016,1.26833152303764E-016,1.43851718755455E-016,1.60770816250423E-016,1.77432529745767E-016,1.93655356302316E-016,2.09231525069688E-016,2.09586006104439E-016,2.08211227535715E-016,2.05346170567236E-016,2.0121903113787E-016,1.96043529842968E-016,1.90016647248674E-016,1.83317442258653E-016,1.76106680303677E-016,1.68527054541227E-016,1.60703829166436E-016,1.52745771177492E-016,1.44746267034407E-016,1.36784544870901E-016,1.28926942321445E-016,1.21228175486234E-016,1.1373257680254E-016,1.06475279222034E-016,9.9483331606223E-017,9.27767360541876E-017,8.63694023039214E-017,8.02700176754792E-017,7.44828334758853E-017
1.43006618946788E-017,2.91621199423003E-017,4.45441729493028E-017,6.03971318500206E-017,7.66606223244192E-017,9.32622578189641E-017,1.10116170146123E-016,1.2712138369191E-016,1.4416001802743E-016,1.61095302395079E-016,1.77769384118573E-016,1.94000911464231E-016,2.09582369855152E-016,2.09929216672931E-016,2.08545368232641E-016,2.05670146517213E-016,2.01532033308373E-016,1.96344987836662E-016,1.90306188903392E-016,1.83594859202815E-016,1.7637189869047E-016,1.68780110262415E-016,1.60944846922862E-016,1.52974946856071E-016,1.44963852909276E-016,1.3699083720867E-016,1.29122271026844E-016,1.21412895474833E-016,1.1390706083192E-016,1.06639911952006E-016,9.96385046929211E-017,9.29228441125796E-017,8.65068395988114E-017,8.03991754230498E-017,7.4604097656527E-017
1.43473901619327E-017,2.92529888182371E-017,4.46763352541892E-017,6.0567495603323E-017,7.68658708199143E-017,9.34988759043907E-017,1.10380477669485E-016,1.27409577201886E-016,1.44468221955028E-016,1.61419631099094E-016,1.7810601635019E-016,1.94346178997776E-016,2.09932862244506E-016,2.10272044313969E-016,2.08879100800411E-016,2.05993694487019E-016,2.0184459286107E-016,1.96645993531258E-016,1.90595273190842E-016,1.83871817923696E-016,1.76636661775013E-016,1.69032716929272E-016,1.61185424749679E-016,1.53203694168151E-016,1.45181024001021E-016,1.37196729975195E-016,1.29317216639983E-016,1.21597249788541E-016,1.14081197247067E-016,1.06804215510126E-016,9.97933672029684E-017,9.30686601446155E-017,8.66440032043239E-017,8.05280774636714E-017,7.47251236417595E-017
1.43941731385468E-017,2.93439465504628E-017,4.48086015891798E-017,6.07379613469253E-017,7.7071203963263E-017,9.37355480305541E-017,1.10644797495478E-016,1.27697732335557E-016,1.44776330084679E-016,1.61743801987647E-016,1.78442426176697E-016,1.94691158778881E-016,2.10283002278657E-016,2.10614489162278E-016,2.09212425463999E-016,2.06316814785454E-016,2.02156710180077E-016,1.96946547376276E-016,1.90883900615232E-016,1.84148318969182E-016,1.76900970137975E-016,1.69284875144794E-016,1.6142556326243E-016,1.53432013732899E-016,1.45397780924454E-016,1.37402223773967E-016,1.29511779747102E-016,1.21781238991414E-016,1.14254986585883E-016,1.06968190405084E-016,9.99479196136059E-017,9.32141845946025E-017,8.67808935310088E-017,8.06567241738929E-017,7.48459117743815E-017
1.44410107524365E-017,2.9434992974757E-017,4.49409716918524E-017,6.09085287261994E-017,7.72766213236339E-017,9.39722737142868E-017,1.10909129118146E-016,1.27985848597242E-016,1.45084341965496E-016,1.62067814688712E-016,1.78778613336968E-016,1.95035850686134E-016,2.10632790000912E-016,2.10956551354879E-016,2.09545342450549E-016,2.06639507723355E-016,2.02468385651409E-016,1.97246649823E-016,1.91172071682407E-016,1.8442436288868E-016,1.77164824361444E-016,1.6953658551331E-016,1.61665263077924E-016,1.53659906170683E-016,1.45614124295545E-016,1.37607319209609E-016,1.29705960935546E-016,1.219648636486E-016,1.14428429387363E-016,1.07131837146661E-016,1.00102162403172E-016,9.33594179079509E-017,8.69175109905271E-017,8.07851159313808E-017,7.49664623983148E-017
1.44879029316851E-017,2.95261279272977E-017,4.50734453004778E-017,6.10791973875558E-017,7.74821224716104E-017,9.42090524742159E-017,1.11173472033683E-016,1.28273925493711E-016,1.45392257149254E-016,1.6239166883304E-016,1.79114577572647E-016,1.95380254600769E-016,2.10982225456953E-016,2.11298231031071E-016,2.0987785198936E-016,2.06961773613575E-016,2.02779619662957E-016,1.97546301324451E-016,1.9145978689982E-016,1.84699950233091E-016,1.77428225028901E-016,1.69787848640453E-016,1.619045248142E-016,1.53887372103049E-016,1.45830054731399E-016,1.37812016887846E-016,1.29899760793745E-016,1.22148124326322E-016,1.14601526191569E-016,1.07295156245708E-016,1.00256096051077E-016,9.35043605311508E-017,8.70538559956268E-017,8.09132531148963E-017,7.50867758585825E-017
1.45348496045428E-017,2.96173512446598E-017,4.52060221540166E-017,6.12499669784389E-017,7.76877069791846E-017,9.44458838307552E-017,1.1143782574042E-016,1.28561962534168E-016,1.4570007519038E-016,1.62715364054147E-016,1.79450318628138E-016,1.95724370406641E-016,2.11331308694824E-016,2.11639528332407E-016,2.10209954311858E-016,2.07283612770959E-016,2.03090412604463E-016,1.97845502335367E-016,1.91747046776514E-016,1.84975081554784E-016,1.77691172725192E-016,1.70038665133136E-016,1.62143349090503E-016,1.54114412152692E-016,1.46045572850228E-016,1.38016317415479E-016,1.30093179911185E-016,1.22331021591845E-016,1.14774277539603E-016,1.07458148214115E-016,1.00409721037779E-016,9.36490129117466E-017,8.71899289601194E-017,8.10411361042724E-017,7.52068525012864E-017
1.45818506994262E-017,2.97086627638136E-017,4.53387019921166E-017,6.14208371473236E-017,7.78933744197515E-017,9.46827673060973E-017,1.11702189738816E-016,1.2884995923024E-016,1.46007795645935E-016,1.63038899988296E-016,1.79785836250585E-016,1.9606819799021E-016,2.11680039764904E-016,2.11980443402678E-016,2.10541649651581E-016,2.07605025512325E-016,2.03400764867501E-016,1.98144253312174E-016,1.92033851823091E-016,1.85249757407574E-016,1.77953668036504E-016,1.70289035599523E-016,1.62381736527261E-016,1.54341026943431E-016,1.46260679271321E-016,1.38220221400358E-016,1.30286218878378E-016,1.22513556013454E-016,1.14946683973582E-016,1.07620813564792E-016,1.00563037844758E-016,9.3793375498314E-017,8.7325730298856E-017,8.1168765280391E-017,7.53266926735857E-017
1.46289061449176E-017,2.98000623221231E-017,4.54714845551105E-017,6.15918075437106E-017,7.80991243681033E-017,9.49197024242062E-017,1.11966563531451E-016,1.29137915095965E-016,1.46315418075606E-016,1.63362276274481E-016,1.80121130189853E-016,1.96411737240527E-016,2.12028418719898E-016,2.12320976387889E-016,2.10872938244155E-016,2.07926012156438E-016,2.03710676845448E-016,1.98442554712969E-016,1.92320202551689E-016,1.85523978346692E-016,1.78215711550341E-016,1.70538960649006E-016,1.62619687746056E-016,1.54567217100182E-016,1.46475374615025E-016,1.38423729451355E-016,1.30478878286844E-016,1.22695728160426E-016,1.15118746036614E-016,1.07783152811638E-016,1.00716046954494E-016,9.39374487404353E-017,8.74612604277052E-017,8.12961410251612E-017,7.54462967236748E-017
1.46760158697644E-017,2.98915497573449E-017,4.56043695840128E-017,6.17628778181226E-017,7.83049564004238E-017,9.51566887108094E-017,1.12230946623014E-016,1.29425829647783E-016,1.46622942041688E-016,1.63685492554412E-016,1.80456200198513E-016,1.96754988049207E-016,2.1237644561481E-016,2.12661127436242E-016,2.11203820327272E-016,2.08246573023991E-016,2.04020148933468E-016,1.98740406997491E-016,1.9260609947596E-016,1.85797744928767E-016,1.78477303855493E-016,1.7078844089218E-016,1.62857203369598E-016,1.54792983248932E-016,1.46689659502712E-016,1.3862684217834E-016,1.30671158729076E-016,1.22877538603005E-016,1.15290464272769E-016,1.07945166469521E-016,1.00868748850439E-016,9.40812330886771E-017,8.75965197635296E-017,8.14232637214964E-017,7.55656650007624E-017
1.47231798028787E-017,2.99831249076261E-017,4.57373568205172E-017,6.19340476221006E-017,7.85108700942821E-017,9.53937256933906E-017,1.12495338520293E-016,1.29713702404521E-016,1.46930367109071E-016,1.64008548472501E-016,1.80791046031826E-016,1.97097950310418E-016,2.12724120506927E-016,2.13000896698114E-016,2.11534296140673E-016,2.08566708437583E-016,2.04329181528482E-016,1.99037810627099E-016,1.92891543111047E-016,1.86071057711793E-016,1.7873844554202E-016,1.71037476940814E-016,1.63094284021701E-016,1.55018326016713E-016,1.46903534556757E-016,1.38829560192157E-016,1.30863060798523E-016,1.23058987912378E-016,1.15461839227058E-016,1.08106855054252E-016,1.01021144016996E-016,9.42247289945658E-017,8.77315087241634E-017,8.15501337532931E-017,7.56847978550505E-017
1.4770397873336E-017,3.00747876115034E-017,4.58704460069944E-017,6.2105316608199E-017,7.87168650286281E-017,9.5630812901182E-017,1.12759738732166E-016,1.30001532887382E-016,1.47237692845228E-016,1.64331443675843E-016,1.81125667447724E-016,1.97440623920863E-016,2.13071443455803E-016,2.1334028432604E-016,2.11864365926123E-016,2.08886418721696E-016,2.04637775029154E-016,1.9933476606475E-016,1.93176533973555E-016,1.86343917255115E-016,1.78999137201218E-016,1.71286069407829E-016,1.63330930327255E-016,1.55243246031578E-016,1.47117000400513E-016,1.39031884104593E-016,1.3105458508956E-016,1.23240076660649E-016,1.15632871445407E-016,1.08268219082561E-016,1.01173232939497E-016,9.43679369105658E-017,8.78662277283904E-017,8.16767515054093E-017,7.58036956377134E-017
1.48176700103753E-017,3.01665377079012E-017,4.60036368864889E-017,6.22766844299828E-017,7.89229407837855E-017,9.58679498651569E-017,1.13024146769593E-016,1.30289320619936E-016,1.47544918820199E-016,1.64654177814205E-016,1.81460064206794E-016,1.97783008779757E-016,2.13418414523237E-016,2.13679290474691E-016,2.12194029927393E-016,2.09205704202675E-016,2.04945929835863E-016,1.99631273774978E-016,1.93461072581533E-016,1.86616324119395E-016,1.79259379425603E-016,1.71534218907274E-016,1.63567142912207E-016,1.55467743922577E-016,1.47330057658281E-016,1.39233814528358E-016,1.31245732197462E-016,1.23420805420815E-016,1.15803561474635E-016,1.08429259072073E-016,1.01325016104175E-016,9.45108572900563E-017,8.80006771959215E-017,8.18031173636425E-017,7.59223587008768E-017
1.48649961433981E-017,3.02583750361302E-017,4.61369292027169E-017,6.24481507420223E-017,7.91290969414472E-017,9.61051361180222E-017,1.13288562145605E-016,1.30577065128105E-016,1.47852044606581E-016,1.64976750540009E-016,1.81794236072263E-016,1.98125104788814E-016,2.13765033773258E-016,2.14017915300858E-016,2.12523288390241E-016,2.09524565208707E-016,2.05253646350684E-016,1.99927334223867E-016,1.93745159454449E-016,1.86888278866596E-016,1.79519172808881E-016,1.71781926054298E-016,1.63802922403529E-016,1.55691820319727E-016,1.47542706955295E-016,1.39435352077058E-016,1.31436502718386E-016,1.23601174766741E-016,1.15973909862424E-016,1.08589975541284E-016,1.01476493998146E-016,9.46534905873087E-017,8.81348575473734E-017,8.19292317147096E-017,7.60407873975981E-017
1.49123762019677E-017,3.03502994358862E-017,4.62703227000636E-017,6.26197151998903E-017,7.9335333084669E-017,9.63423711942106E-017,1.13552984375295E-016,1.30864765940153E-016,1.48159069779511E-016,1.65299161508315E-016,1.82128182809978E-016,1.98466911852229E-016,2.14111301272104E-016,2.14356158963428E-016,2.1285214156239E-016,2.098430020698E-016,2.05560924977364E-016,2.00222947879031E-016,1.94028795113165E-016,1.87159782059954E-016,1.79778517945928E-016,1.7202919146513E-016,1.64038269429199E-016,1.55915475853992E-016,1.47754948917685E-016,1.39636497365172E-016,1.31626897249339E-016,1.23781185273139E-016,1.16143917157305E-016,1.0875036900954E-016,1.01627667109382E-016,9.47958372574653E-017,8.82687692042469E-017,8.20550949462251E-017,7.61589820818457E-017
1.49598101158088E-017,3.04423107472482E-017,4.64038171235803E-017,6.27913774601576E-017,7.95416487978648E-017,9.65796546298743E-017,1.13817412975808E-016,1.31152422586677E-016,1.48465993916655E-016,1.6562141037681E-016,1.82461904188394E-016,1.98808429876658E-016,2.14457217088207E-016,2.14694021623371E-016,2.13180589693509E-016,2.10161015117763E-016,2.05867766121303E-016,2.00518115209595E-016,1.94311980079919E-016,1.87430834263957E-016,1.80037415432761E-016,1.72276015757051E-016,1.64273184618173E-016,1.5613871115726E-016,1.47966784172464E-016,1.39837251008026E-016,1.31816916388159E-016,1.23960837515538E-016,1.16313583908624E-016,1.08910439997012E-016,1.01778535926693E-016,9.49378977565164E-017,8.84024125889056E-017,8.21807074466814E-017,7.62769431084791E-017
1.50072978148069E-017,3.05344088106772E-017,4.65374122189823E-017,6.2963137180389E-017,7.97480436668006E-017,9.68169859628762E-017,1.14081847466333E-016,1.31440034600592E-016,1.48772816598195E-016,1.6594349680579E-016,1.82795399978554E-016,1.99149658771205E-016,2.14802781292172E-016,2.15031503443715E-016,2.1350863303519E-016,2.10478604686181E-016,2.0617417018953E-016,2.00812836686165E-016,1.94594714878298E-016,1.87701436044322E-016,1.80295865866523E-016,1.72522399548375E-016,1.64507668600367E-016,1.56361526862314E-016,1.48178213347498E-016,1.40037613621771E-016,1.3200656073349E-016,1.24140132070267E-016,1.16482910666527E-016,1.09070189024675E-016,1.01929100939699E-016,9.50796725412796E-017,8.85357881245548E-017,8.23060696054277E-017,7.63946708332298E-017
1.50548392290075E-017,3.06265934670147E-017,4.66711077326462E-017,6.31349940191398E-017,7.99545172785887E-017,9.70543647327839E-017,1.14346287368092E-016,1.31727601517121E-016,1.49079537406814E-016,1.66265420458147E-016,1.83128669954075E-016,1.99490598447399E-016,2.15147993956763E-016,2.15368604589533E-016,2.13836271840936E-016,2.10795771110403E-016,2.06480137590687E-016,2.01107112780817E-016,1.94877000033216E-016,1.8797158796797E-016,1.80553869845451E-016,1.72768343458421E-016,1.64741722006624E-016,1.56583923602811E-016,1.48389237071482E-016,1.40237585823358E-016,1.32195830884759E-016,1.24319069514429E-016,1.16651897981934E-016,1.09229616614284E-016,1.02079362638817E-016,9.52211620693776E-017,8.86688962352213E-017,8.24311818126504E-017,7.65121656126813E-017
1.51024342886154E-017,3.07188645574812E-017,4.68049034116073E-017,6.33069476359518E-017,8.01610692216833E-017,9.72917904808618E-017,1.14610732204333E-016,1.32015122873786E-016,1.49386155927687E-016,1.66587180999354E-016,1.83461713891132E-016,1.99831248819184E-016,2.15492855156882E-016,2.15705325227921E-016,2.14163506366134E-016,2.11112514727514E-016,2.06785668735001E-016,2.01400943967064E-016,1.95158836070897E-016,1.88241290603006E-016,1.80811427968859E-016,1.73013848107493E-016,1.64975345468701E-016,1.56805902013262E-016,1.48599855973919E-016,1.40437168230517E-016,1.3238472744215E-016,1.24497650425878E-016,1.16820546406517E-016,1.09388723288351E-016,1.02229321515228E-016,9.53623667992179E-017,8.88017373457319E-017,8.25560444593526E-017,7.662942780425E-017
1.51500829239946E-017,3.08112219236751E-017,4.69387990035572E-017,6.34789976913491E-017,8.03676990858738E-017,9.75292627500638E-017,1.1487518150032E-016,1.32302598210396E-016,1.49692671748463E-016,1.66908778097448E-016,1.83794531568439E-016,2.00171609802896E-016,2.15837364969553E-016,2.16041665527981E-016,2.1449033686804E-016,2.11428835876318E-016,2.07090764034269E-016,2.01694330719844E-016,1.95440223518847E-016,1.88510544518696E-016,1.81068540837115E-016,1.73258914116854E-016,1.65208539619239E-016,1.57027462729001E-016,1.48810070685097E-016,1.4063636146173E-016,1.32573251006586E-016,1.24675875383198E-016,1.16988856492676E-016,1.09547509570127E-016,1.02378978060865E-016,9.55032871899714E-017,8.89343118816942E-017,8.26806579373353E-017,7.67464577661663E-017
1.5197785065667E-017,3.09036654075706E-017,4.70727942568411E-017,6.36511438468348E-017,8.05744064622805E-017,9.77667810850268E-017,1.15139634783324E-016,1.32590027069031E-016,1.49999084459255E-016,1.67230211423019E-016,1.84127122767239E-016,2.00511681317249E-016,2.16181523473906E-016,2.16377625660802E-016,2.14816763605758E-016,2.1174473489732E-016,2.07395423901835E-016,2.01987273515495E-016,1.95721162905834E-016,1.88779350285444E-016,1.81325209051614E-016,1.73503542108707E-016,1.65441305091741E-016,1.57248606386169E-016,1.49019881836064E-016,1.40835166136211E-016,1.32761402179702E-016,1.24853744965677E-016,1.1715682879352E-016,1.09705975983577E-016,1.02528332768388E-016,9.56439237015519E-017,8.90666202694754E-017,8.2805022639177E-017,7.68632558574558E-017
1.52455406443124E-017,3.0996194851517E-017,4.72068889204558E-017,6.3823385764887E-017,8.07811909433486E-017,9.80043450320626E-017,1.15404091582612E-016,1.32877408994041E-016,1.50305393652626E-016,1.67551480649195E-016,1.84459487271281E-016,2.00851463283319E-016,2.16525330751158E-016,2.16713205799443E-016,2.15142786840222E-016,2.12060212132703E-016,2.0769964875257E-016,2.02279772831733E-016,1.9600165476187E-016,1.89047708474772E-016,1.81581433214762E-016,1.73747732706172E-016,1.65673642520554E-016,1.57469333621689E-016,1.49229290058606E-016,1.41033582873884E-016,1.32949181563826E-016,1.2503125975329E-016,1.17324463862844E-016,1.0986412305336E-016,1.02677386131163E-016,9.57842767945956E-017,8.91986629361836E-017,8.29291389582155E-017,7.69798224379206E-017
1.52933495907676E-017,3.10888100982367E-017,4.73410827440465E-017,6.39957231089548E-017,8.09880521228428E-017,9.82419541391517E-017,1.15668551429441E-016,1.33164743532027E-016,1.50611598923578E-016,1.67872585451626E-016,1.84791624866813E-016,2.01190955624524E-016,2.16868786884596E-016,2.17048406118912E-016,2.15468406834177E-016,2.1237526792631E-016,2.08003439002852E-016,2.02571829147635E-016,1.96281699618185E-016,1.89315619659297E-016,1.81837213929949E-016,1.73991486533259E-016,1.65905552540839E-016,1.57689645073242E-016,1.49438295985227E-016,1.41231612295357E-016,1.33136589761954E-016,1.25208420326673E-016,1.17491762255105E-016,1.10021951304806E-016,1.02826138643242E-016,9.59243469304414E-017,8.93304403096477E-017,8.3053007288528E-017,7.70961578681213E-017
1.53412118360257E-017,3.11815109908243E-017,4.7475375477905E-017,6.41681555434549E-017,8.11949895958425E-017,9.84796079559357E-017,1.15933013857048E-016,1.3345203023183E-016,1.5091769986954E-016,1.68193525508469E-016,1.85123535342556E-016,2.01530158266613E-016,2.17211891959564E-016,2.17383226796154E-016,2.1579362385216E-016,2.12689902623626E-016,2.08306795070545E-016,2.02863442943612E-016,1.9656129800721E-016,1.89583084412708E-016,1.82092551801529E-016,1.74234804214853E-016,1.66137035788557E-016,1.57909541379247E-016,1.49646900249121E-016,1.41429255021905E-016,1.33323627377729E-016,1.25385227267103E-016,1.17658724525404E-016,1.10179461263899E-016,1.02974590799341E-016,9.60641345711104E-017,8.94619528183976E-017,8.31766280249129E-017,7.72122625093584E-017
1.5389127311236E-017,3.12742973727448E-017,4.7609766872967E-017,6.43406827337676E-017,8.14020029587362E-017,9.87173060337106E-017,1.16197478400641E-016,1.33739268644528E-016,1.51223696090351E-016,1.68514300500379E-016,1.85455218489698E-016,2.01869071137644E-016,2.17554646063439E-016,2.17717668010027E-016,2.16118438160483E-016,2.13004116571755E-016,2.08609717374982E-016,2.03154614701396E-016,1.96840450462553E-016,1.89850103309749E-016,1.82347447434801E-016,1.74477686376688E-016,1.66368092900441E-016,1.58129023178839E-016,1.49855103484159E-016,1.41626511675445E-016,1.33510295015423E-016,1.25561681156477E-016,1.17825351229466E-016,1.10336653457254E-016,1.03122743094825E-016,9.62036401792868E-017,8.9593200891646E-017,8.3300001562871E-017,7.73281367236547E-017
1.54370959477026E-017,3.13671690878324E-017,4.77442566808095E-017,6.45133043462332E-017,8.16090918092162E-017,9.89550479254195E-017,1.1646194459739E-016,1.34026458323416E-016,1.51529587188252E-016,1.68834910110488E-016,1.85786674101874E-016,2.02207694167972E-016,2.1789704928562E-016,2.18051729941289E-016,2.16442850027213E-016,2.13317910119406E-016,2.08912206336941E-016,2.03445344904016E-016,1.9711915751898E-016,1.90116676926194E-016,1.82601901435984E-016,1.74720133645324E-016,1.66598724513978E-016,1.58348091111845E-016,1.50062906324859E-016,1.41823382878514E-016,1.33696593279909E-016,1.25737782577291E-016,1.17991642923615E-016,1.10493528412094E-016,1.0327059602568E-016,9.6342864218298E-017,8.97241849592689E-017,8.34231282985874E-017,7.74437808737373E-017
1.54851176768848E-017,3.14601259802893E-017,4.78788446536489E-017,6.46860200481483E-017,8.18162557462735E-017,9.91928331856461E-017,1.16726411986418E-016,1.34313598824003E-016,1.51835372767872E-016,1.69155354024396E-016,1.86117901975152E-016,2.02546027290231E-016,2.1823910171751E-016,2.18385412772578E-016,2.16766859722153E-016,2.1363128361687E-016,2.09214262378632E-016,2.03735634035779E-016,1.97397419712395E-016,1.90382805838829E-016,1.82855914412197E-016,1.74962146648133E-016,1.66828931267384E-016,1.58566745818767E-016,1.50270309406369E-016,1.42019869254252E-016,1.33882522776645E-016,1.25913532112617E-016,1.18157600164756E-016,1.10650086656235E-016,1.034181500885E-016,9.64818071520956E-017,8.9854905451787E-017,8.35460086289131E-017,7.75591953230206E-017
1.55331924303956E-017,3.15531678946837E-017,4.80135305443378E-017,6.48588295077619E-017,8.20234943701925E-017,9.94306613706072E-017,1.16990880108794E-016,1.34600689703996E-016,1.52141052436216E-016,1.69475631930156E-016,1.86448901908016E-016,2.02884070439316E-016,2.18580803452499E-016,2.18718716688397E-016,2.17090467516827E-016,2.13944237416004E-016,2.09515885923669E-016,2.04025482582248E-016,1.97675237579818E-016,1.9064849062543E-016,1.83109486971439E-016,1.75203726013268E-016,1.67058713799589E-016,1.58784987940755E-016,1.50477313364444E-016,1.42215971426374E-016,1.34068084111652E-016,1.26088930346085E-016,1.18323223510353E-016,1.10806328718063E-016,1.03565405780465E-016,9.66204694452363E-017,8.99853628003472E-017,8.36686429513474E-017,7.76743804355884E-017
1.55813201400017E-017,3.16462946759493E-017,4.81483141063636E-017,6.50317323942723E-017,8.22308072825461E-017,9.96685320381467E-017,1.1725534850752E-016,1.34887730523292E-016,1.52446625802651E-016,1.69795743518259E-016,1.86779673701353E-016,2.03221823552373E-016,2.1892215458595E-016,2.19051641875093E-016,2.1741367368446E-016,2.1425677187021E-016,2.09817077397059E-016,2.04314891030226E-016,1.97952611659368E-016,1.90913731864743E-016,1.8336261972257E-016,1.75444872369652E-016,1.6728807275021E-016,1.59002818119591E-016,1.50683918835426E-016,1.42411690019157E-016,1.34253277891491E-016,1.26263977861864E-016,1.18488513518414E-016,1.10962255126515E-016,1.03712363599322E-016,9.67588515628634E-017,9.01155574367045E-017,8.37910316640199E-017,7.7789336576177E-017
1.56295007376228E-017,3.17395061693831E-017,4.82831950938451E-017,6.52047283778227E-017,8.24381940861901E-017,9.99064447477278E-017,1.17519816727529E-016,1.35174720843968E-016,1.52752092478897E-016,1.70115688481622E-016,1.87110217158439E-016,2.03559286568777E-016,2.19263155215178E-016,2.19384188520844E-016,2.17736478499962E-016,2.14568887334419E-016,2.10117837225178E-016,2.04603859867733E-016,1.98229542490238E-016,1.91178530136462E-016,1.83615313275285E-016,1.75685586346949E-016,1.67517008759531E-016,1.59220236997666E-016,1.50890126456226E-016,1.42607025657412E-016,1.34438104723249E-016,1.26438675244635E-016,1.18653470747465E-016,1.1111786641106E-016,1.03859024043364E-016,9.68969539706881E-017,9.02454897932041E-017,8.39131751656733E-017,7.79040641101586E-017
1.56777341553308E-017,3.18328022206448E-017,4.8418173261531E-017,6.53778171294981E-017,8.26456543852585E-017,1.00144399060427E-016,1.17784284315671E-016,1.35461660230268E-016,1.53057452079012E-016,1.70435466515572E-016,1.87440532084921E-016,2.0389645943012E-016,2.19603805439438E-016,2.19716356815642E-016,2.18058882239906E-016,2.14880584165072E-016,2.10418165835755E-016,2.04892389583992E-016,1.98506030612682E-016,1.91442886021214E-016,1.83867568240099E-016,1.75925868575551E-016,1.67745522468487E-016,1.59437245217961E-016,1.51095936864296E-016,1.42801978966469E-016,1.34622565214509E-016,1.26613023079579E-016,1.18818095756532E-016,1.11273163101678E-016,1.04005387611416E-016,9.70347771349708E-017,9.03751603027631E-017,8.40350738556458E-017,7.80185634035242E-017
1.57260203253496E-017,3.19261826757548E-017,4.85532483647968E-017,6.55509983213217E-017,8.28531877851584E-017,1.00382394538926E-016,1.18048750820706E-016,1.35748548248596E-016,1.53362704219383E-016,1.70755077317835E-016,1.87770618288803E-016,2.04233342080193E-016,2.19944105359909E-016,2.20048146951273E-016,2.18380885182516E-016,2.151918627201E-016,2.10718063657853E-016,2.05180480669402E-016,1.98782076567992E-016,1.91706800100535E-016,1.84119385228328E-016,1.7616571968655E-016,1.6797361451864E-016,1.59653843424023E-016,1.51301350697618E-016,1.42996550572156E-016,1.3480665997334E-016,1.26787021952354E-016,1.18982389105126E-016,1.11428145728845E-016,1.04151454802812E-016,9.71723215225038E-017,9.05045693988535E-017,8.41567281338545E-017,7.8132834822867E-017
1.57743591800542E-017,3.20196473810933E-017,4.86884201596434E-017,6.57242716262509E-017,8.30607938925645E-017,1.00620430747509E-016,1.18313215793297E-016,1.36035384467504E-016,1.5366784851871E-016,1.71074520588521E-016,1.88100475580436E-016,2.04569934464974E-016,2.20284055079677E-016,2.20379559121301E-016,2.18702487607649E-016,2.15502723358909E-016,2.11017531121848E-016,2.05468133615528E-016,1.99057680898476E-016,1.9197027295685E-016,1.84370764852062E-016,1.76405140311726E-016,1.68201285552159E-016,1.5987003225995E-016,1.51506368594678E-016,1.43190741100776E-016,1.3499038960827E-016,1.26960672449074E-016,1.19146351353217E-016,1.11582814823508E-016,1.04297226117378E-016,9.73095876005929E-017,9.06337175154841E-017,8.42781384007781E-017,7.82468787353666E-017
1.58227506519703E-017,3.21131961833987E-017,4.88236884026935E-017,6.58976367181742E-017,8.32684723154148E-017,1.00858507252049E-016,1.18577678785999E-016,1.36322168457681E-016,1.53972884597998E-016,1.71393796030111E-016,1.88430103772496E-016,2.04906236532607E-016,2.20623654703718E-016,2.20710593521057E-016,2.19023689796771E-016,2.15813166442362E-016,2.11316568659414E-016,2.05755348915074E-016,1.99332844147445E-016,1.92233305173457E-016,1.84621707724154E-016,1.76644131083522E-016,1.68428536211802E-016,1.60085812370369E-016,1.51710991194447E-016,1.43384551179093E-016,1.35173754728272E-016,1.27133975156294E-016,1.19309983061221E-016,1.11737170917074E-016,1.04442702055414E-016,9.74465758370396E-017,9.0762605087184E-017,8.43993050574402E-017,7.83606955087723E-017
1.58711946737736E-017,3.22068289297666E-017,4.89590528511907E-017,6.60710932719076E-017,8.34762226629047E-017,1.01096623620008E-016,1.18842139353254E-016,1.36608899791945E-016,1.54277812080541E-016,1.71712903347444E-016,1.88759502679975E-016,2.05242248233394E-016,2.20962904338886E-016,2.21041250347614E-016,2.19344492032951E-016,2.16123192332759E-016,2.11615176703503E-016,2.06042127061871E-016,1.9960756685919E-016,1.92495897334505E-016,1.84872214458195E-016,1.76882692635027E-016,1.68655367140894E-016,1.60301184400414E-016,1.51915219136363E-016,1.43577981434307E-016,1.35356755942742E-016,1.27306930660986E-016,1.19473284789979E-016,1.11891214541386E-016,1.04587883117678E-016,9.75832867001239E-017,9.08912325489852E-017,8.45202285053933E-017,7.84742855113877E-017
1.59196911782896E-017,3.23005454676482E-017,4.90945132629959E-017,6.62446409631906E-017,8.36840445454829E-017,1.01334779420428E-016,1.19106597051378E-016,1.36895578045231E-016,1.54582630591917E-016,1.72031842247704E-016,1.89088672120163E-016,2.05577969519774E-016,2.21301804093893E-016,2.21371529799779E-016,2.19664894600835E-016,2.16432801393821E-016,2.11913355688329E-016,2.06328468550856E-016,1.99881849578964E-016,1.92758050024978E-016,1.85122285668496E-016,1.77120825599955E-016,1.68881778983313E-016,1.60516148995712E-016,1.52119053060313E-016,1.43771032494037E-016,1.35539393861478E-016,1.27479539550524E-016,1.19636257100737E-016,1.12044946228705E-016,1.04732769805365E-016,9.77197206585871E-017,9.1019600336406E-017,8.46409091467018E-017,7.85876491120544E-017
1.59682400984926E-017,3.23943456448489E-017,4.92300693965861E-017,6.64182794686832E-017,8.3891937574846E-017,1.0157297422392E-016,1.19371051438558E-016,1.37182202794582E-016,1.54887339759968E-016,1.72350612440407E-016,1.89417611912639E-016,2.05913400346311E-016,2.21640354079298E-016,2.21701432078068E-016,2.19984897786633E-016,2.16741993990674E-016,2.12211106049346E-016,2.06614373878053E-016,2.00155692852965E-016,1.93019763830672E-016,1.8537192197007E-016,1.77358530612628E-016,1.69107772383462E-016,1.60730706802359E-016,1.52322493606609E-016,1.43963704986304E-016,1.35721669094667E-016,1.27651802412665E-016,1.19798900555131E-016,1.12198366511698E-016,1.04877362620091E-016,9.78558781816146E-017,9.11477088854341E-017,8.47613473839268E-017,7.87007866801367E-017
1.60168413675054E-017,3.24882293095274E-017,4.93657210110512E-017,6.65920084659624E-017,8.40999013639334E-017,1.01811207602667E-016,1.19635502074838E-016,1.37468773619138E-016,1.55191939214795E-016,1.72669213637384E-016,1.89746321879249E-016,2.06248540669675E-016,2.21978554407488E-016,2.22030957384701E-016,2.20304501878102E-016,2.17050770489828E-016,2.12508428223236E-016,2.06899843540555E-016,2.00429097228314E-016,1.93281039338179E-016,1.85621123978615E-016,1.77595808307954E-016,1.69333347986259E-016,1.60944858466902E-016,1.52525541415975E-016,1.44155999539509E-016,1.3590358225286E-016,1.27823719835529E-016,1.19961215715166E-016,1.12351475923413E-016,1.05021662063877E-016,9.79917597388189E-017,9.12755586325108E-017,8.48815436201092E-017,7.88136985855061E-017
1.60654949185985E-017,3.2582196310194E-017,4.95014678660924E-017,6.67658276335184E-017,8.4307935526923E-017,1.02049479130408E-016,1.19899948522118E-016,1.37755290100129E-016,1.55496428588742E-016,1.72987645552776E-016,1.900748018441E-016,2.06583390448635E-016,2.22316405192668E-016,2.22360105923577E-016,2.2062370716453E-016,2.17359131259164E-016,2.12805322647888E-016,2.0718487803651E-016,2.00702063253044E-016,1.93541877134871E-016,1.8586989231049E-016,1.77832659321412E-016,1.69558506437113E-016,1.61158604636324E-016,1.52728197129523E-016,1.44347916782416E-016,1.36085133946959E-016,1.27995292407583E-016,1.20123203143202E-016,1.12504274997266E-016,1.05165668639128E-016,9.81273658002234E-017,9.1403150014514E-017,8.50014982587548E-017,7.89263851985266E-017
1.61142006851901E-017,3.26762464957096E-017,4.96373097220198E-017,6.69397366507512E-017,8.45160396792259E-017,1.02287788382438E-016,1.20164390344138E-016,1.38041751820859E-016,1.55800807516389E-016,1.73305907903013E-016,1.9040305163354E-016,2.06917949644036E-016,2.22653906550838E-016,2.22688877900261E-016,2.20942513936718E-016,2.17667076667917E-016,2.13101789762381E-016,2.07469477865097E-016,2.00974591476073E-016,1.93802277808876E-016,1.86118227582703E-016,1.7806908428903E-016,1.69783248381906E-016,1.61371945958021E-016,1.52930461388739E-016,1.44539457344136E-016,1.36266324788196E-016,1.28166520717621E-016,1.20284863401931E-016,1.12656764267023E-016,1.05309382848623E-016,9.82626968362454E-017,9.15304834687431E-017,8.51212117038183E-017,7.90388468900387E-017
1.61629586008449E-017,3.27703797152843E-017,4.97732463397497E-017,6.71137351979676E-017,8.47242134374812E-017,1.02526134935597E-016,1.20428827106476E-016,1.38328158366705E-016,1.56105075634535E-016,1.73624000406806E-016,1.90731071076147E-016,2.07252218218788E-016,2.22991058599787E-016,2.23017273521969E-016,2.21260922486966E-016,2.17974607086655E-016,2.13397830006967E-016,2.07753643526515E-016,2.01246682447192E-016,1.94062241949065E-016,1.86366130412887E-016,1.78305083847372E-016,1.70007574466977E-016,1.61584883079785E-016,1.53132334835463E-016,1.44730621854104E-016,1.36447155388116E-016,1.28337405354748E-016,1.20446197054365E-016,1.12808944266781E-016,1.05452805195489E-016,9.83977533176805E-017,9.16575594329024E-017,8.52406843596881E-017,7.91510840313453E-017
1.6211768599274E-017,3.2864595818476E-017,4.99092774808032E-017,6.72878229563773E-017,8.49324564195521E-017,1.02764518368267E-016,1.20693258376536E-016,1.38614509325098E-016,1.56409232582192E-016,1.73941922785133E-016,1.91058860002715E-016,2.07586196137854E-016,2.23327861459071E-016,2.23345292997554E-016,2.21578933109055E-016,2.18281722887267E-016,2.13693443823055E-016,2.0803737552196E-016,2.01518336717047E-016,1.94321770145033E-016,1.86613601419287E-016,1.78540658633512E-016,1.70231485339102E-016,1.61797416649788E-016,1.5333381811187E-016,1.44921410942066E-016,1.36627626358559E-016,1.28507946908363E-016,1.20607204663816E-016,1.12960815530954E-016,1.05595936183196E-016,9.85325357156857E-017,9.17843783450859E-017,8.53599166311713E-017,7.9263096994197E-017
1.6260630614334E-017,3.29588946551894E-017,5.00454029073031E-017,6.74619996080896E-017,8.51407682445207E-017,1.03002938260365E-016,1.20957683723543E-016,1.3890080428552E-016,1.5671327800057E-016,1.74259674761228E-016,1.91386418246239E-016,2.07919883368229E-016,2.23664315250002E-016,2.23672936537489E-016,2.21896546098233E-016,2.18588424442945E-016,2.13988631653194E-016,2.08320674353611E-016,2.01789554837119E-016,1.94580862987079E-016,1.86860641220739E-016,1.78775809285023E-016,1.70454981645476E-016,1.6200954731656E-016,1.53534911860455E-016,1.45111825238057E-016,1.36807738311643E-016,1.28678145968139E-016,1.20767886793878E-016,1.13112378594255E-016,1.05738776315528E-016,9.86670445017645E-017,9.19109406437616E-017,8.54789089234784E-017,7.93748861507771E-017
1.6309544580027E-017,3.30532760756744E-017,5.01816223819723E-017,6.76362648361103E-017,8.53491485326826E-017,1.03241394193334E-016,1.21222102718532E-016,1.39187042839492E-016,1.57017211533067E-016,1.74577256060563E-016,1.91713745641901E-016,2.08253279878931E-016,2.24000420095633E-016,2.24000204353848E-016,2.22213761751195E-016,2.18894712128167E-016,2.14283393941054E-016,2.08603540524614E-016,2.02060337359711E-016,1.9483952106619E-016,1.87107250436653E-016,1.79010536439957E-016,1.70678064033696E-016,1.62221275728976E-016,1.5373561672401E-016,1.45301865372388E-016,1.36987491859747E-016,1.28848003124009E-016,1.20928244008415E-016,1.13263633991679E-016,1.05881326096579E-016,9.88012801477504E-017,9.20372467677569E-017,8.55976616422086E-017,7.94864518736877E-017
1.63585104304994E-017,3.31477399305253E-017,5.03179356681314E-017,6.78106183243379E-017,8.55575969055432E-017,1.0347988575014E-016,1.21486514934342E-016,1.39473224580563E-016,1.57321032825261E-016,1.74894666410841E-016,1.92040842027061E-016,2.08586385640987E-016,2.24336176120743E-016,2.24327096660298E-016,2.22530580366074E-016,2.1920058631868E-016,2.14577731131413E-016,2.08885974539061E-016,2.02330684837925E-016,1.95097744974027E-016,1.87353429686998E-016,1.79244840736828E-016,1.70900733151746E-016,1.62432602536237E-016,1.53935933345615E-016,1.45491531975624E-016,1.37166887615491E-016,1.29017518966149E-016,1.21088276871539E-016,1.13414582258489E-016,1.06023586030727E-016,9.89352431257919E-017,9.21632971562426E-017,8.57161751933355E-017,7.95977945359356E-017
1.6407528100042E-017,3.32422860706789E-017,5.04543425296966E-017,6.79850597575607E-017,8.57661129858123E-017,1.03718412515266E-016,1.2175091994561E-016,1.39759349104303E-016,1.57624741524891E-016,1.75211905541983E-016,1.92367707241236E-016,2.08919200627415E-016,2.24671583451822E-016,2.24653613672081E-016,2.22847002242419E-016,2.19506047391488E-016,2.14871643670137E-016,2.09167976901977E-016,2.0260059782565E-016,1.95355535302901E-016,1.87599179592279E-016,1.79478722814592E-016,1.71122989647973E-016,1.6264352838785E-016,1.54135862368613E-016,1.45680825678573E-016,1.37345926191725E-016,1.29186694084958E-016,1.21247985947596E-016,1.13565223930196E-016,1.06165556622627E-016,9.9068933908337E-017,9.22890922487183E-017,8.5834449983192E-017,7.97089145109178E-017
1.64565975230889E-017,3.3336914347414E-017,5.05908427311772E-017,6.81595888214531E-017,8.59746963973997E-017,1.03956974074701E-016,1.22015317328757E-016,1.40045416008293E-016,1.57928337281856E-016,1.75528973186114E-016,1.92694341126093E-016,2.09251724813212E-016,2.25006642217058E-016,2.24979755605995E-016,2.23163027681183E-016,2.19811095724832E-016,2.15165132004168E-016,2.09449548119302E-016,2.02870076877543E-016,1.95612892645763E-016,1.87844500773529E-016,1.79712183312633E-016,1.71344834171076E-016,1.62854053933614E-016,1.54335404436596E-016,1.45869747112263E-016,1.37524608201507E-016,1.29355529071046E-016,1.21407371801152E-016,1.13715559542549E-016,1.06307238377187E-016,9.92023529681183E-017,9.24146324849985E-017,8.59524864184566E-017,7.9819812172408E-017
1.65057186342176E-017,3.34316246123497E-017,5.07274360376741E-017,6.83342052025724E-017,8.61833467654102E-017,1.0419557001594E-016,1.22279706661987E-016,1.40331424892113E-016,1.58231819748194E-016,1.75845869077548E-016,1.93020743525433E-016,2.0958395817534E-016,2.25341352546322E-016,2.25305522680385E-016,2.23478656984707E-016,2.20115731698176E-016,2.15458196581503E-016,2.09730688697876E-016,2.03139122549013E-016,1.95869817596182E-016,1.88089393852282E-016,1.79945222870746E-016,1.71566267370088E-016,1.63064179823602E-016,1.54534560193391E-016,1.46058296907929E-016,1.37702934258089E-016,1.29524024515215E-016,1.21566434996972E-016,1.13865589631513E-016,1.06448631799562E-016,9.93355007781378E-017,9.25399183051967E-017,8.60702849061392E-017,7.99304878945431E-017
1.65548913681477E-017,3.35264167174441E-017,5.08641222148768E-017,6.85089085883559E-017,8.63920637161395E-017,1.04434199927972E-016,1.22544087525276E-016,1.40617375357336E-016,1.58535188578081E-016,1.76162592952784E-016,1.93346914285178E-016,2.09915900692712E-016,2.25675714571156E-016,2.25630915115127E-016,2.23793890456706E-016,2.2041995569219E-016,2.15750837851181E-016,2.10011399145419E-016,2.03407735396204E-016,1.96126310748332E-016,1.88333859450564E-016,1.80177842129118E-016,1.71787289894356E-016,1.63273906708144E-016,1.54733330283037E-016,1.46246475696996E-016,1.37880904974899E-016,1.29692181008443E-016,1.2172517610001E-016,1.14015314733257E-016,1.06589737395129E-016,9.94683778116521E-017,9.26649501497124E-017,8.61878458535667E-017,8.00409420518094E-017
1.66041156597412E-017,3.36212905149935E-017,5.1000901029062E-017,6.86836986671169E-017,8.66008468770691E-017,1.04672863401281E-016,1.22808459500363E-016,1.40903267007518E-016,1.58838443427811E-016,1.76479144550485E-016,1.93672853253357E-016,2.10247552346181E-016,2.26009728424754E-016,2.25955933131611E-016,2.2410872840225E-016,2.20723768088737E-016,2.16043056263268E-016,2.1029167997052E-016,2.03675915975982E-016,1.96382372696973E-016,1.88577898190872E-016,1.80410041728313E-016,1.72007902393529E-016,1.63483235237814E-016,1.54931715349777E-016,1.46434284111061E-016,1.38058520965529E-016,1.29859999141872E-016,1.21883595675389E-016,1.1416473538414E-016,1.06730555669481E-016,9.96009845421584E-017,9.27897284592158E-017,8.63051696683699E-017,8.01511750190296E-017
1.66533914440014E-017,3.37162458576307E-017,5.1137772247091E-017,6.88585751280418E-017,8.68096958768619E-017,1.04911560027831E-016,1.23072822170744E-016,1.41189099448186E-016,1.59141583955793E-016,1.7679552361147E-016,1.93998560280094E-016,2.1057891311852E-016,2.26343394241952E-016,2.26280576952727E-016,2.24423171127753E-016,2.21027169270855E-016,2.16334852268839E-016,2.10571531682618E-016,2.03943664845911E-016,1.96638004037437E-016,1.88821510696161E-016,1.80641822309258E-016,1.72228105517539E-016,1.63692166063407E-016,1.55129716038033E-016,1.4662172278188E-016,1.38235782843714E-016,1.30027479506786E-016,1.22041694288387E-016,1.14313852120693E-016,1.06871087128407E-016,9.97333214433794E-017,9.29142536746344E-017,8.64222567584693E-017,8.02611871713488E-017
1.67027186560725E-017,3.38112825983242E-017,5.1274735636408E-017,6.90335376611874E-017,8.70186103453574E-017,1.05150289401068E-016,1.23337175121667E-016,1.41474872286832E-016,1.59444609822533E-016,1.77111729878704E-016,1.94324035217597E-016,2.10909982994413E-016,2.26676712159216E-016,2.26604846802854E-016,2.24737218940956E-016,2.21330159622744E-016,2.16626226319963E-016,2.10850954791985E-016,2.04210982564245E-016,1.9689320536561E-016,1.89064697589824E-016,1.8087318451322E-016,1.72447899916584E-016,1.63900699835927E-016,1.55327332992396E-016,1.46808792341349E-016,1.3841269122332E-016,1.301946226946E-016,1.22199472504423E-016,1.14462665479605E-016,1.07011332277877E-016,9.98653889892494E-017,9.3038526237139E-017,8.65391075320622E-017,8.03709788842226E-017
1.67520972312395E-017,3.39064005903767E-017,5.14117909650375E-017,6.92085859574764E-017,8.72275899135678E-017,1.05389051115909E-016,1.23601517940118E-016,1.41760585132902E-016,1.5974752069063E-016,1.77427763097282E-016,1.94649277920141E-016,2.11240761960442E-016,2.27009682314624E-016,2.26928742907842E-016,2.25050872150915E-016,2.2163273952975E-016,2.16917178869689E-016,2.11129949809714E-016,2.0447786968991E-016,1.97147977277917E-016,1.8930745949568E-016,1.81104128981797E-016,1.72667286241114E-016,1.64108837206574E-016,1.5552456685761E-016,1.46995493421491E-016,1.38589246718326E-016,1.30361429296844E-016,1.22356930889041E-016,1.14611175997709E-016,1.07151291624031E-016,9.99971876539004E-017,9.31625465881302E-017,8.66557223976088E-017,8.04805505334036E-017
1.68015271049268E-017,3.40015996874239E-017,5.15489380015825E-017,6.93837197086955E-017,8.74366342136727E-017,1.05627844768738E-016,1.2386585021482E-016,1.42046237597789E-016,1.60050316224762E-016,1.7774362301442E-016,1.94974288244057E-016,2.1157125000507E-016,2.27342304847854E-016,2.27252265494999E-016,2.25364131067983E-016,2.21934909378348E-016,2.17207710372029E-016,2.11408517247702E-016,2.04744326782487E-016,1.97402320371306E-016,1.89549797037956E-016,1.81334656356898E-016,1.72886265141815E-016,1.64316578826722E-016,1.55721418278551E-016,1.4718182665444E-016,1.38765449942811E-016,1.30527899905148E-016,1.22514070007895E-016,1.14759384211967E-016,1.07290965673164E-016,1.00128717911648E-016,9.32863151692246E-017,8.67721017638196E-017,8.05899024949285E-017
1.68510082126989E-017,3.40968797434337E-017,5.16861765152224E-017,6.95589386074916E-017,8.76457428790149E-017,1.058666699574E-016,1.2413017153622E-016,1.42331829294819E-016,1.60352996091676E-016,1.7805930937944E-016,1.9529906604772E-016,2.11901447118632E-016,2.2767457990017E-016,2.27575414793078E-016,2.25676996003797E-016,2.22236669556131E-016,2.17497821281944E-016,2.11686657618633E-016,2.05010354402195E-016,1.97656235243233E-016,1.8979171084127E-016,1.81564767280731E-016,1.73104837269592E-016,1.64523925347907E-016,1.55917887900219E-016,1.47367792672423E-016,1.38941301510938E-016,1.30694035111226E-016,1.22670890426734E-016,1.14907290659457E-016,1.0743035493171E-016,1.00259980236978E-016,9.34098324222415E-017,8.68882460396421E-017,8.06990351451062E-017
1.69005404902587E-017,3.41922406127046E-017,5.18235062757109E-017,6.97342423473683E-017,8.7854915544096E-017,1.06105526281194E-016,1.24394481496487E-016,1.42617359839249E-016,1.60655559960176E-016,1.78374821943763E-016,1.95623611191535E-016,2.12231353293318E-016,2.28006507614413E-016,2.27898191032262E-016,2.25989467271263E-016,2.22538020451793E-016,2.17787512055329E-016,2.11964371435965E-016,2.05275953109881E-016,1.97909722491645E-016,1.9003320153062E-016,1.81794462395783E-016,1.73323003275555E-016,1.64730877421811E-016,1.56113976367718E-016,1.47553392107748E-016,1.39116802036938E-016,1.30859835506861E-016,1.2282739271139E-016,1.15054895877354E-016,1.07569459906228E-016,1.00390975104532E-016,9.353309878919E-017,8.70041556342484E-017,8.08079488605046E-017
1.69501238734478E-017,3.42876821498644E-017,5.19609270533741E-017,6.99096306226835E-017,8.80641518445722E-017,1.06344413340868E-016,1.24658779689498E-016,1.42902828848252E-016,1.60958007501116E-016,1.78690160460893E-016,1.95947923537928E-016,2.12560968523162E-016,2.2833808813498E-016,2.28220594444149E-016,2.26301545184544E-016,2.22838962455114E-016,2.18076783148996E-016,2.12241659213912E-016,2.05541123466999E-016,1.98162782714966E-016,1.90274269731363E-016,1.82023742344807E-016,1.73540763811003E-016,1.64937435700247E-016,1.5630968432624E-016,1.47738625592789E-016,1.39291952135097E-016,1.31025301683893E-016,1.22983577427761E-016,1.15202200402925E-016,1.07708281103392E-016,1.00521702989095E-016,9.36561147122557E-017,8.71198309570221E-017,8.09166440179389E-017
1.69997582982457E-017,3.43832042098698E-017,5.2098438619108E-017,7.00851031286456E-017,8.82734514172489E-017,1.06583330738613E-016,1.24923065710837E-016,1.43188235940912E-016,1.61260338387386E-016,1.79005324686409E-016,1.96272002951327E-016,2.12890292804028E-016,2.28669321607817E-016,2.28542625261742E-016,2.26613230059043E-016,2.23139495956947E-016,2.18365635020663E-016,2.12518521467435E-016,2.05805866035598E-016,1.98415416512084E-016,1.90514916069205E-016,1.82252607770809E-016,1.73758119527409E-016,1.65143600835145E-016,1.56505012421054E-016,1.47923493759969E-016,1.3946675241974E-016,1.31190434234203E-016,1.23139445141796E-016,1.15349204773504E-016,1.07846819029973E-016,1.00652164365582E-016,9.37788806337878E-017,8.72352724175459E-017,8.10251209944593E-017
1.70494437007693E-017,3.44788066480042E-017,5.22360407443768E-017,7.02606595613109E-017,8.84828139000777E-017,1.06822278078058E-016,1.25187339157784E-016,1.43473580738212E-016,1.61562552293906E-016,1.79320314377951E-016,1.96595849298156E-016,2.13219326133598E-016,2.29000208180404E-016,2.28864283719432E-016,2.2692452221139E-016,2.23439621349201E-016,2.18654068128937E-016,2.1279495871222E-016,2.06070181378309E-016,1.9866762448233E-016,1.90755141170183E-016,1.82481059317027E-016,1.73975071076404E-016,1.65349373478535E-016,1.5669996129749E-016,1.48107997241748E-016,1.39641203505218E-016,1.31355233749699E-016,1.23294996419485E-016,1.15495909526488E-016,1.07985074192829E-016,1.00782359709025E-016,9.39013969962868E-017,8.73504804255897E-017,8.11333801673392E-017
1.70991800172726E-017,3.45744893198773E-017,5.2373733201211E-017,7.043629961758E-017,8.86922389321507E-017,1.07061254964262E-016,1.2545159962931E-016,1.43758862863029E-016,1.61864648897611E-016,1.79635129295209E-016,1.96919462446817E-016,2.13548068511357E-016,2.29330748001741E-016,2.29185570052984E-016,2.27235421959429E-016,2.23739339024832E-016,2.18942082933299E-016,2.13070971464669E-016,2.06334070058324E-016,1.98919407225468E-016,1.90994945660649E-016,1.82709097626923E-016,1.74191619109765E-016,1.65554754282531E-016,1.56894531600923E-016,1.48292136670605E-016,1.39815306005891E-016,1.315197008223E-016,1.23450231826844E-016,1.15642315199318E-016,1.08123047098889E-016,1.0091228949456E-016,9.40236642423914E-017,8.74654553910975E-017,8.12414219140629E-017
1.71489671841458E-017,3.46702520814236E-017,5.25115157622049E-017,7.06120229951951E-017,8.8901726153697E-017,1.0730026100371E-016,1.25715846726064E-016,1.44044081940121E-016,1.62166627877443E-016,1.79949769199911E-016,1.97242842267685E-016,2.13876519938583E-016,2.29660941222336E-016,2.29506484499529E-016,2.27545929622204E-016,2.24038649377824E-016,2.19229679894093E-016,2.13346560241881E-016,2.06597532639389E-016,1.99170765341682E-016,1.91234330167261E-016,1.82936723344165E-016,1.74407764279398E-016,1.65759743899323E-016,1.57088723976758E-016,1.48475912679029E-016,1.3998906053612E-016,1.31683836043927E-016,1.23605151929898E-016,1.15788422329468E-016,1.08260738255143E-016,1.01041954197413E-016,9.41456828148666E-017,8.75801977241763E-017,8.13492466123144E-017
1.71988051379153E-017,3.47660947889014E-017,5.26493882005151E-017,7.07878293927366E-017,8.91112752060778E-017,1.07539295804306E-016,1.25980080050376E-016,1.4432923759612E-016,1.62468488914344E-016,1.80264233855815E-016,1.97565988633087E-016,2.14204680418334E-016,2.29990787994192E-016,2.29827027297542E-016,2.27856045519943E-016,2.24337552803174E-016,2.19516859472507E-016,2.13621725561641E-016,2.06860569685783E-016,1.99421699431555E-016,1.9147329531696E-016,1.83163937112611E-016,1.74623507237324E-016,1.65964342981156E-016,1.5728253907042E-016,1.486593258995E-016,1.40162467710244E-016,1.31847640006486E-016,1.23759757294671E-016,1.1593423145443E-016,1.08398148168627E-016,1.01171354292889E-016,9.4267453156591E-017,8.76947078350838E-017,8.14568546399658E-017
1.72486938152428E-017,3.48620172988915E-017,5.27873502898582E-017,7.09637185096204E-017,8.93208857317828E-017,1.07778358975369E-016,1.26244299206238E-016,1.44614329459526E-016,1.62770231691238E-016,1.80578523028694E-016,1.97888901417296E-016,2.14532549955431E-016,2.30320288470796E-016,2.30147198686839E-016,2.28165769974047E-016,2.24636049696886E-016,2.19803622130562E-016,2.13896467942407E-016,2.07123181762308E-016,1.99672210096059E-016,1.91711841736964E-016,1.83390739576299E-016,1.74838848635665E-016,1.66168552180319E-016,1.57475977527335E-016,1.48842376964478E-016,1.40335528142576E-016,1.32011113301852E-016,1.23914048487172E-016,1.16079743111703E-016,1.08535277346409E-016,1.01300490256361E-016,9.43889757105451E-017,8.78089861342163E-017,8.15642463750654E-017
1.72986331529251E-017,3.49580194682962E-017,5.29254018045088E-017,7.11396900460944E-017,8.95305573744249E-017,1.08017450127627E-016,1.26508503799307E-016,1.44899357160693E-016,1.63071855893031E-016,1.80892636486327E-016,1.9821158049652E-016,2.14860128556451E-016,2.30649442807102E-016,2.30466998908553E-016,2.28475103307076E-016,2.24934140455947E-016,2.20089968331099E-016,2.14170787903289E-016,2.07385369434273E-016,1.99922297936542E-016,1.91949970054748E-016,1.83617131379428E-016,1.75053789126631E-016,1.6637237214913E-016,1.5766903999292E-016,1.49025066506388E-016,1.40508242447383E-016,1.32174256521861E-016,1.24068026073383E-016,1.1622495783878E-016,1.08672126295581E-016,1.01429362563255E-016,9.45102509197992E-017,8.79230330320978E-017,8.16714221958273E-017
1.73486230878936E-017,3.50541011543381E-017,5.30635425192976E-017,7.13157437032357E-017,8.97402897787367E-017,1.08256568873208E-016,1.26772693436892E-016,1.45184320331825E-016,1.63373361206593E-016,1.81206573998486E-016,1.98534025748882E-016,2.15187416229713E-016,2.30978251159523E-016,2.3078642820513E-016,2.28784045842735E-016,2.25231825478321E-016,2.20375898537761E-016,2.14444685964043E-016,2.07647133267479E-016,2.00171963554711E-016,1.92187680898033E-016,1.83843113166347E-016,1.75268329362503E-016,1.66575803539921E-016,1.57861727112565E-016,1.49207395157607E-016,1.40680611238873E-016,1.32337070258296E-016,1.24221690619244E-016,1.16369876173132E-016,1.08808695523243E-016,1.01557971689037E-016,9.46312792275014E-017,8.80368489393681E-017,8.17783824806195E-017
1.73986635572134E-017,3.5150262214559E-017,5.32017722096096E-017,7.1491879182948E-017,8.99500825905662E-017,1.08495714825639E-016,1.27036867727946E-016,1.45469218606966E-016,1.6367474732075E-016,1.81520335336927E-016,1.98856237054419E-016,2.15514412985264E-016,2.31306713685916E-016,2.31105486820312E-016,2.29092597905862E-016,2.25529105162932E-016,2.20661413214984E-016,2.14718162645053E-016,2.07908473828209E-016,2.00421207552617E-016,1.92424974894772E-016,1.84068685581542E-016,1.75482469995622E-016,1.66778847005029E-016,1.58054039531626E-016,1.49389363550452E-016,1.40852635131186E-016,1.3249955510287E-016,1.24375042690639E-016,1.16514498652201E-016,1.0894498553649E-016,1.01686318109205E-016,9.47520610768665E-017,8.81504342667712E-017,8.18851276079533E-017
1.74487544980835E-017,3.52465025068187E-017,5.33400906513818E-017,7.16680961879577E-017,9.0159935456872E-017,1.08734887599838E-016,1.27301026283066E-016,1.4575405162199E-016,1.63976013926279E-016,1.81833920275378E-016,1.9917821429506E-016,2.15841118834867E-016,2.31634830545571E-016,2.31424174999125E-016,2.29400759822412E-016,2.25825979909652E-016,2.2094651282798E-016,2.14991218467317E-016,2.0816939168321E-016,2.00670030532648E-016,1.92661852673132E-016,1.84293849269618E-016,1.75696211678375E-016,1.66981503196777E-016,1.58245977895404E-016,1.49570972317163E-016,1.41024314738376E-016,1.32661711647217E-016,1.24528082853389E-016,1.16658825813383E-016,1.09080996842404E-016,1.01814402299274E-016,9.48725969111638E-017,8.82637894251449E-017,8.19916579564723E-017
1.74988958478359E-017,3.5342821889294E-017,5.34784976211015E-017,7.18443944218117E-017,9.03698480257198E-017,1.0897408681211E-016,1.27565168714478E-016,1.46038819014595E-016,1.64277160715892E-016,1.82147328589528E-016,1.99499957354622E-016,2.1616753379199E-016,2.31962601899198E-016,2.31742492987865E-016,2.29708531919448E-016,2.26122450119287E-016,2.21231197842726E-016,2.15263853952437E-016,2.0842988739968E-016,2.00918433097506E-016,1.92898314861488E-016,1.84518604875289E-016,1.75909555063182E-016,1.67183772767464E-016,1.58437542849137E-016,1.49752222089894E-016,1.41195650674403E-016,1.32823540482876E-016,1.24680811673234E-016,1.16802858194018E-016,1.09216729948037E-016,1.01942224734768E-016,9.49928871737063E-017,8.83769148254091E-017,8.20979739049417E-017
1.75490875439351E-017,3.54392202204775E-017,5.36169928958042E-017,7.20207735888738E-017,9.05798199462777E-017,1.09213312080138E-016,1.27829294636034E-016,1.46323520424293E-016,1.64578187384228E-016,1.82460560057018E-016,1.99821466118795E-016,2.16493657871794E-016,2.32290027908913E-016,2.32060441034087E-016,2.30015914525125E-016,2.26418516193563E-016,2.21515468725949E-016,2.155360696226E-016,2.08689961545258E-016,2.01166415850201E-016,1.93134362088402E-016,1.84742953043366E-016,1.76122500802479E-016,1.67385656369349E-016,1.58628735037986E-016,1.49933113500698E-016,1.41366643553115E-016,1.32985042201283E-016,1.24833229715823E-016,1.16946596331378E-016,1.09352185360405E-016,1.02069785891201E-016,9.51129323078392E-017,8.84898108785549E-017,8.22040758322378E-017
1.75993295239777E-017,3.55356973591767E-017,5.37555762530717E-017,7.21972333943224E-017,9.07898508688123E-017,1.0945256302298E-016,1.28093403663205E-016,1.46608155492402E-016,1.64879093627846E-016,1.82773614457427E-016,2.00142740475129E-016,2.16819491091119E-016,2.32617108738232E-016,2.32378019386592E-016,2.30322907968677E-016,2.26714178535115E-016,2.21799325945113E-016,2.1580786600057E-016,2.08949614688007E-016,2.01413979394034E-016,1.93369994982614E-016,1.84966894418739E-016,1.7633504954871E-016,1.67587154654641E-016,1.58819555107021E-016,1.50113647181512E-016,1.4153729398824E-016,1.33146217393756E-016,1.24985337546702E-016,1.17090040762654E-016,1.09487363586469E-016,1.02197086244076E-016,9.52327327569288E-017,8.86024779956344E-017,8.23099641173374E-017
1.76496217256922E-017,3.56322531645123E-017,5.38942474710304E-017,7.23737735441472E-017,9.09999404446843E-017,1.09691839261067E-016,1.28357495413074E-016,1.46892723862038E-016,1.65179879145213E-016,1.83086491572263E-016,2.00463780313025E-016,2.17145033468473E-016,2.3294384455205E-016,2.32695228295415E-016,2.30629512580407E-016,2.27009437547472E-016,2.22082769968406E-016,2.16079243609672E-016,2.09208847396401E-016,2.01661124332584E-016,1.93605214173029E-016,1.85190429646366E-016,1.76547201954311E-016,1.67788268275485E-016,1.59010003701208E-016,1.50293823764153E-016,1.41707602593371E-016,1.33307066651481E-016,1.25137135731301E-016,1.17233192024944E-016,1.09622265133133E-016,1.02324126268864E-016,9.53522889643518E-017,8.87149165877491E-017,8.24156391393076E-017
1.76999640869381E-017,3.57288874959181E-017,5.40330063283491E-017,7.25503937451461E-017,9.12100883263448E-017,1.09931140416188E-016,1.28621569504326E-016,1.47177225178106E-016,1.65480543636695E-016,1.83399191184953E-016,2.00784585523723E-016,2.17470285024022E-016,2.33270235516637E-016,2.33012068011811E-016,2.30935728691672E-016,2.27304293635047E-016,2.22365801264729E-016,2.1635020297378E-016,2.09467660239313E-016,2.01907851269696E-016,1.938400202887E-016,1.85413559371264E-016,1.76758958671697E-016,1.67988997883949E-016,1.59200081465399E-016,1.50473643880293E-016,1.41877569981954E-016,1.33467590565503E-016,1.25288624834924E-016,1.17376050655244E-016,1.09756890507221E-016,1.02450906440999E-016,9.54716013734842E-017,8.88271270660406E-017,8.25211012772955E-017
1.77503565457057E-017,3.58256002131388E-017,5.41718526042371E-017,7.27270937049224E-017,9.14202941673307E-017,1.10170466111494E-016,1.28885625557246E-016,1.47461659087294E-016,1.65781086804545E-016,1.83711713080831E-016,2.0110515600029E-016,2.17795245779576E-016,2.33596281799622E-016,2.33328538788245E-016,2.31241556634872E-016,2.27598747203119E-016,2.2264842030368E-016,2.16620744617302E-016,2.09726053786005E-016,2.02154160809469E-016,1.94074413958821E-016,1.85636284238487E-016,1.76970320353251E-016,1.68189344132011E-016,1.59389789044316E-016,1.50653108161457E-016,1.42047196767279E-016,1.33627789726714E-016,1.25439805422735E-016,1.17518617190434E-016,1.09891240215478E-016,1.02577427235867E-016,9.55906704276908E-017,8.89391098416792E-017,8.2626350910518E-017
1.78007990401155E-017,3.59223911762299E-017,5.43107860784425E-017,7.29038731318825E-017,9.16305576222608E-017,1.1040981597149E-016,1.29149663193711E-016,1.47746025238059E-016,1.660815083529E-016,1.8402405704713E-016,2.01425491637609E-016,2.18119915758577E-016,2.33921983569982E-016,2.33644640878378E-016,2.31546996743436E-016,2.27892798657827E-016,2.22930627555543E-016,2.16890869065171E-016,2.09984028606108E-016,2.02400053556241E-016,1.94308395812709E-016,1.85858604893125E-016,1.77181287651309E-016,1.68389307671546E-016,1.59579127082541E-016,1.50832217239007E-016,1.42216483562461E-016,1.33787664725839E-016,1.25590678059748E-016,1.17660892167267E-016,1.10025314764549E-016,1.0270368912879E-016,9.57094965703147E-017,8.90508653258537E-017,8.27313884182522E-017
1.7851291508418E-017,3.60192602455559E-017,5.44498065312504E-017,7.30807317352319E-017,9.18408783468322E-017,1.10649189622025E-016,1.2941368203718E-016,1.48030323280629E-016,1.66381807987765E-016,1.84336222872968E-016,2.01745592332368E-016,2.18444294986087E-016,2.34247340998031E-016,2.33960374537056E-016,2.3185204935181E-016,2.28186448406154E-016,2.23212423491274E-016,2.17160576842828E-016,2.10241585269615E-016,2.02645530114575E-016,1.94541966479794E-016,1.86080521980281E-016,1.77391861218152E-016,1.68588889154317E-016,1.59768096224503E-016,1.5101097174413E-016,1.42385430980436E-016,1.33947216153425E-016,1.25741243310816E-016,1.17802876122359E-016,1.10159114660974E-016,1.02829692595022E-016,9.58280802446666E-017,8.91623939297622E-017,8.28362141798252E-017
1.79018338889929E-017,3.61162072817895E-017,5.45889137434805E-017,7.32576692249732E-017,9.20512559978152E-017,1.10888586690293E-016,1.29677681712689E-016,1.48314552866983E-016,1.66681985417007E-016,1.84648210349338E-016,2.02065457983049E-016,2.18768383488782E-016,2.34572354255407E-016,2.34275740020298E-016,2.32156714795446E-016,2.28479696855912E-016,2.2349380858249E-016,2.17429868476214E-016,2.10498724346868E-016,2.02890591089251E-016,1.94775126589606E-016,1.86302036145065E-016,1.77602041705987E-016,1.68788089231959E-016,1.59956697114468E-016,1.51189372307825E-016,1.42554039633946E-016,1.34106444599832E-016,1.25891501740616E-016,1.17944569592178E-016,1.10292640411175E-016,1.02955438109732E-016,9.59464218940149E-017,8.9273696064601E-017,8.29408285746046E-017
1.79524261203489E-017,3.62132321459108E-017,5.47281074964858E-017,7.3434685311903E-017,9.22616902330505E-017,1.11128006804823E-016,1.29941661846849E-016,1.48598713650852E-016,1.66982040350343E-016,1.84960019269104E-016,2.02385088489914E-016,2.19092181294931E-016,2.34897023515064E-016,2.34590737585284E-016,2.32460993410789E-016,2.28772544415734E-016,2.23774783301457E-016,2.17698744491753E-016,2.10755446408542E-016,2.03135237085251E-016,1.95007876771764E-016,1.86523148032579E-016,1.77811829766941E-016,1.68986908555969E-016,1.60144930396524E-016,1.51367419560895E-016,1.42722310135526E-016,1.34265350655219E-016,1.26041453913645E-016,1.18085973113029E-016,1.10425892521445E-016,1.03080926148E-016,9.60645219615755E-017,8.93847721415556E-017,8.30452319819888E-017
1.8003068141123E-017,3.63103346992057E-017,5.48673875721505E-017,7.3611779707609E-017,9.24721807114442E-017,1.11367449595477E-016,1.30205622067829E-016,1.48882805287708E-016,1.67281972499337E-016,1.8527164942698E-016,2.02704483755001E-016,2.19415688434392E-016,2.35221348951255E-016,2.34905367490342E-016,2.32764885535265E-016,2.29064991495062E-016,2.24055348121076E-016,2.17967205416342E-016,2.11011752025638E-016,2.03379468707746E-016,1.95240217655959E-016,1.86743858287907E-016,1.78021226053047E-016,1.69185347777694E-016,1.6033279671457E-016,1.51545114133932E-016,1.42890243097495E-016,1.34423934909535E-016,1.26191100394202E-016,1.18227087221052E-016,1.10558871497939E-016,1.03206157184803E-016,9.61823808905015E-017,8.94956225717902E-017,8.31494247813975E-017
1.80537598900804E-017,3.64075148032652E-017,5.50067537528882E-017,7.37889521244671E-017,9.26827270929645E-017,1.11606914693444E-016,1.30469562005361E-016,1.49166827434754E-016,1.67581781577382E-016,1.85583100619529E-016,2.03023643682104E-016,2.19738904938598E-016,2.35545330739525E-016,2.35219629994939E-016,2.33068391507269E-016,2.29357038504132E-016,2.24335503514872E-016,2.1823525177734E-016,2.11267641769464E-016,2.03623286562086E-016,1.95472149871949E-016,1.869641675561E-016,1.7823023121623E-016,1.69383407548319E-016,1.60520296712307E-016,1.51722456657306E-016,1.43057839131944E-016,1.34582197952503E-016,1.2634044174638E-016,1.18367912452201E-016,1.10691577846663E-016,1.03331131695004E-016,9.62999991238736E-017,8.96062477664386E-017,8.32534073522626E-017
1.81045013061138E-017,3.65047723199844E-017,5.514620582164E-017,7.39662022756388E-017,9.28933290386373E-017,1.11846401731231E-016,1.30733481290724E-016,1.4945077975092E-016,1.67881467299698E-016,1.85894372645149E-016,2.03342568176769E-016,2.20061830840546E-016,2.35868969056698E-016,2.35533525359666E-016,2.33371511666152E-016,2.29648685853961E-016,2.24615249956981E-016,2.18502884102553E-016,2.11523116211631E-016,2.03866691253785E-016,1.95703674049543E-016,1.87184076482167E-016,1.78438845908299E-016,1.69581088518854E-016,1.60707431033223E-016,1.51899447761156E-016,1.43225098850724E-016,1.34740140373617E-016,1.26489478534059E-016,1.18508449342243E-016,1.10824012073463E-016,1.03455850153343E-016,9.641737710469E-017,8.97166481365946E-017,8.33571800740185E-017
1.81552923282428E-017,3.66021071115611E-017,5.52857435618727E-017,7.41435298750682E-017,9.31039862105424E-017,1.12085910342665E-016,1.30997379556744E-016,1.4973466189685E-016,1.68181029383319E-016,1.86205465304061E-016,2.0366125714628E-016,2.20384466174786E-016,2.36192264080868E-016,2.35847053846229E-016,2.33674246352214E-016,2.29939933956341E-016,2.24894587922139E-016,2.18770102920225E-016,2.11778175924033E-016,2.04109683388513E-016,1.95934790818587E-016,1.87403585711062E-016,1.78647070780931E-016,1.69778391340127E-016,1.60894200320586E-016,1.52076088075376E-016,1.43392022865437E-016,1.34897762762124E-016,1.26638211320887E-016,1.18648698426739E-016,1.10956174684014E-016,1.03580313034432E-016,9.65345152758575E-017,8.98268240933023E-017,8.34607433260935E-017
1.82061328956141E-017,3.66995190404951E-017,5.54253667575771E-017,7.43209346374793E-017,9.33146982718096E-017,1.1232544016288E-016,1.31261256437784E-016,1.50018473534901E-016,1.68480467547086E-016,1.86516378398305E-016,2.03979710499649E-016,2.20706810977409E-016,2.36515215991383E-016,2.36160215717438E-016,2.33976595906684E-016,2.30230783223822E-016,2.25173517885669E-016,2.19036908759022E-016,2.12032821478841E-016,2.0435226357208E-016,1.96165500808958E-016,1.87622695887672E-016,1.78854906485666E-016,1.69975316662768E-016,1.61080605217429E-016,1.52252378229607E-016,1.43558611787424E-016,1.3505506570702E-016,1.26786640670277E-016,1.18788660241041E-016,1.11088066183814E-016,1.03704520812734E-016,9.66514140801809E-017,8.99367760475471E-017,8.35640974879004E-017
1.82570229475001E-017,3.67970079695872E-017,5.55650751932659E-017,7.44984162783735E-017,9.35254648866149E-017,1.12564990828317E-016,1.31525111569738E-016,1.5030221432913E-016,1.68779781511637E-016,1.86827111731723E-016,2.04297928147607E-016,2.21028865286037E-016,2.3683782496884E-016,2.36473011237193E-016,2.34278560671718E-016,2.30521234069701E-016,2.25452040323471E-016,2.19303302148026E-016,2.1228705344849E-016,2.04594432410427E-016,1.96395804650547E-016,1.87841407656808E-016,1.79062353673888E-016,1.70171865137199E-016,1.61266646366539E-016,1.52428318853225E-016,1.43724866227753E-016,1.35212049797033E-016,1.26934767145395E-016,1.18928335320278E-016,1.11219687078172E-016,1.03828473962567E-016,9.67680739603546E-017,9.00465044102469E-017,8.36672429388277E-017
1.83079624232995E-017,3.68945737619376E-017,5.57048686539721E-017,7.4675974514026E-017,9.37362857201763E-017,1.12804561976718E-016,1.31788944590024E-016,1.50585883945285E-016,1.69078970999397E-016,1.87137665109954E-016,2.04615910002589E-016,2.2135062913981E-016,2.3716009119507E-016,2.36785440670475E-016,2.3458014099038E-016,2.30811286908011E-016,2.25730155712009E-016,2.19569283616717E-016,2.12540872405664E-016,2.04836190509616E-016,1.96625702973253E-016,1.88059721663189E-016,1.79269412996819E-016,1.70368037413623E-016,1.6145232441045E-016,1.52603910575327E-016,1.43890786797214E-016,1.35368715620615E-016,1.27082591309146E-016,1.19067724199348E-016,1.11351037872193E-016,1.03952172958083E-016,9.68844953589527E-017,9.01560095922421E-017,8.37701800582311E-017
1.8358951262536E-017,3.69922162809457E-017,5.58447469252475E-017,7.48536090614842E-017,9.39471604387504E-017,1.13044153247119E-016,1.32052755137581E-016,1.50869482050804E-016,1.69378035734573E-016,1.87448038340421E-016,2.04933655978727E-016,2.21672102579379E-016,2.37482014853127E-016,2.37097504283333E-016,2.34881337206634E-016,2.31100942153512E-016,2.26007864528299E-016,2.19834853694968E-016,2.1279427892329E-016,2.05077538475813E-016,1.96855196406965E-016,1.88277638551436E-016,1.79476085105507E-016,1.70563834142017E-016,1.61637639991428E-016,1.52779154024726E-016,1.44056374106299E-016,1.35525063765937E-016,1.27230113724171E-016,1.19206827412905E-016,1.1148211907078E-016,1.04075618273265E-016,9.70006787184201E-017,9.02652920042877E-017,8.38729092254241E-017
1.84099894048583E-017,3.70899353903083E-017,5.59847097931603E-017,7.5031319638564E-017,9.41580887096281E-017,1.13283764279848E-016,1.32316542852857E-016,1.51153008314801E-016,1.69676975443141E-016,1.87758231232324E-016,2.0525116599184E-016,2.21993285646892E-016,2.37803596127281E-016,2.37409202342875E-016,2.35182149665332E-016,2.31390200221677E-016,2.26285167249899E-016,2.20100012913028E-016,2.13047273574523E-016,2.05318476915283E-016,1.97084285581558E-016,1.88495158966059E-016,1.79682370650816E-016,1.70759255972116E-016,1.61822593751463E-016,1.52954049829937E-016,1.44221628765201E-016,1.35681094820869E-016,1.27377334952829E-016,1.19345645495355E-016,1.11612931178612E-016,1.04198810381916E-016,9.71166244810634E-017,9.0374352057044E-017,8.39754308196705E-017
1.84610767900396E-017,3.71877309540194E-017,5.61247570442936E-017,7.52091059638476E-017,9.43690702011308E-017,1.13523394716515E-016,1.32580307377808E-016,1.5143646240806E-016,1.69975789852839E-016,1.88068243596629E-016,2.05568439959421E-016,2.22314178385984E-016,2.38124835203003E-016,2.37720535117256E-016,2.35482578712203E-016,2.31679061528678E-016,2.26562064354898E-016,2.20364761801514E-016,2.13299856932733E-016,2.05559006434375E-016,1.97312971126876E-016,1.88712283551443E-016,1.7988827028341E-016,1.70954303553403E-016,1.62007186332258E-016,1.53128598619169E-016,1.443865513838E-016,1.35836809372979E-016,1.27524255557195E-016,1.19484178980839E-016,1.11743474700145E-016,1.04321749757651E-016,9.72323330890419E-017,9.04831901610676E-017,8.40777452201748E-017
1.85122133579772E-017,3.72856028363682E-017,5.62648884657439E-017,7.53869677566809E-017,9.45801045826072E-017,1.13763044200013E-016,1.3284404835589E-016,1.51719844003031E-016,1.70274478693156E-016,1.88378075246057E-016,2.05885477800627E-016,2.22634780841765E-016,2.38445732266956E-016,2.38031502875666E-016,2.35782624693843E-016,2.31967526491381E-016,2.26838556321901E-016,2.20629100891398E-016,2.13552029571501E-016,2.05799127639512E-016,1.97541253672724E-016,1.88929012951843E-016,1.8009378465375E-016,1.71148977535101E-016,1.62191418375218E-016,1.53302801020311E-016,1.44551142571653E-016,1.35992208009519E-016,1.27670876099044E-016,1.19622428403231E-016,1.11873750139594E-016,1.04444436873883E-016,9.73478049843592E-017,9.05918067268037E-017,8.41798528060748E-017
1.8563399048692E-017,3.73835509019391E-017,5.64051038451188E-017,7.556490473717E-017,9.47911915244284E-017,1.14002712374509E-016,1.33107765432048E-016,1.52003152773816E-016,1.7057304169533E-016,1.88687725995076E-016,2.06202279436272E-016,2.22955093060812E-016,2.38766287506986E-016,2.3834210588832E-016,2.36082287957701E-016,2.3225559552733E-016,2.27114643630023E-016,2.20893030713996E-016,2.13803792064599E-016,2.06038841137179E-016,1.97769133848859E-016,1.89145347811369E-016,1.80298914412078E-016,1.71343278566162E-016,1.62375290521441E-016,1.53476657660927E-016,1.44715402937983E-016,1.36147291317415E-016,1.27817197139846E-016,1.19760394296123E-016,1.12003758000932E-016,1.04566872203824E-016,9.7463040608854E-017,9.07002021645767E-017,8.42817539564328E-017
1.8614633802328E-017,3.74815750156099E-017,5.65454029705359E-017,7.57429166261797E-017,9.50023306979854E-017,1.14242398885439E-016,1.33371458252718E-016,1.52286388396168E-016,1.7087147859233E-016,1.88997195659892E-016,2.06518844788811E-016,2.23275115091158E-016,2.39086501112109E-016,2.3865234442645E-016,2.36381568852071E-016,2.3254326905474E-016,2.27390326758875E-016,2.2115655180096E-016,2.14055144985986E-016,2.06278147533916E-016,1.97996612284973E-016,1.89361288773976E-016,1.80503660208409E-016,1.71537207295255E-016,1.62558803411705E-016,1.53650169168242E-016,1.44879333091672E-016,1.36302059883259E-016,1.27963219240754E-016,1.1989807719282E-016,1.12133498787874E-016,1.04689056220464E-016,9.75780404041913E-017,9.08083768845824E-017,8.43834490502276E-017
1.8665917559152E-017,3.75796750425513E-017,5.66857856306204E-017,7.59210031453299E-017,9.52135217756843E-017,1.14482103379506E-016,1.33635126465815E-016,1.52569550547477E-016,1.71169789118855E-016,1.89306484058436E-016,2.06835173782336E-016,2.23594846982278E-016,2.39406373272501E-016,2.38962218762288E-016,2.3668046772608E-016,2.32830547492481E-016,2.27665606188554E-016,2.21419664684263E-016,2.14306088909794E-016,2.06517047436303E-016,1.98223689610691E-016,1.89576836483455E-016,1.80708022692519E-016,1.71730764370759E-016,1.62741957686463E-016,1.53823336169134E-016,1.4504293364125E-016,1.36456514293299E-016,1.28108942962597E-016,1.20035477626328E-016,1.12262973003873E-016,1.04810989396573E-016,9.76928048118552E-017,9.09163312968796E-017,8.44849384663465E-017
1.87172502595534E-017,3.76778508482256E-017,5.68262516145038E-017,7.60991640169934E-017,9.54247644309433E-017,1.14721825504671E-016,1.33898769720729E-016,1.52852638906771E-016,1.71467973011321E-016,1.8961559101036E-016,2.07151266342562E-016,2.23914288785084E-016,2.39725904179489E-016,2.39271729169061E-016,2.36978984929678E-016,2.33117431260072E-016,2.27940482399631E-016,2.2168236989619E-016,2.14556624410318E-016,2.0675554145095E-016,1.98450366455552E-016,1.89791991583423E-016,1.80912002513938E-016,1.71923950440749E-016,1.62924753985828E-016,1.53996159290124E-016,1.45206205194884E-016,1.3661065513343E-016,1.28254368865868E-016,1.20172596129345E-016,1.1239218115211E-016,1.04932672204686E-016,9.78073342731389E-017,9.10240658113819E-017,8.45862225835775E-017
1.87686318440431E-017,3.7776102298386E-017,5.69668007118222E-017,7.62773989642928E-017,9.56360583381884E-017,1.14961564910153E-016,1.34162387668316E-016,1.53135653154699E-016,1.71766030007855E-016,1.89924516337022E-016,2.07467122396816E-016,2.24233440551909E-016,2.40045094025541E-016,2.3958087592098E-016,2.37277120813623E-016,2.33403920777667E-016,2.28214955873141E-016,2.21944667969329E-016,2.14806752062006E-016,2.06993630184489E-016,1.98676643449006E-016,1.9000675471731E-016,1.81115600321935E-016,1.72116766152989E-016,1.63107192949566E-016,1.54168639157368E-016,1.45369148360374E-016,1.36764482989184E-016,1.28399497510717E-016,1.20309433234256E-016,1.12521123735483E-016,1.05054105117096E-016,9.79216292291377E-017,9.11315808378497E-017,8.4687301780601E-017
1.88200622532539E-017,3.78744292590754E-017,5.71074327127141E-017,7.64557077110988E-017,9.584740317285E-017,1.15201321246419E-016,1.34425979960898E-016,1.5341859297353E-016,1.72063959848285E-016,1.90233259861481E-016,2.07782741874032E-016,2.24552302336503E-016,2.40363943004253E-016,2.39889659293226E-016,2.3757487572948E-016,2.33690016466047E-016,2.28489027090575E-016,2.22206559436556E-016,2.15056472439446E-016,2.07231314243562E-016,1.98902521220398E-016,1.90221126528353E-016,1.81318816765514E-016,1.72309212154922E-016,1.63289275217089E-016,1.54340776396644E-016,1.45531763745135E-016,1.36917998445722E-016,1.28544329456941E-016,1.20445989473118E-016,1.12649801256601E-016,1.05175288605849E-016,9.80356901207402E-017,9.12388767858823E-017,8.47881764359827E-017
1.88715414279394E-017,3.79728315966256E-017,5.72481474078193E-017,7.66340899820266E-017,9.60587986113594E-017,1.15441094165182E-016,1.34689546252249E-016,1.53701458047145E-016,1.72361762274132E-016,1.90541821408485E-016,2.08098124704737E-016,2.24870874194015E-016,2.40682451310343E-016,2.40198079561941E-016,2.37872250029599E-016,2.33975718746607E-016,2.28762696533864E-016,2.22468044831029E-016,2.1530578611736E-016,2.0746859423481E-016,1.99128000398961E-016,1.90435107659581E-016,1.81521652493399E-016,1.72501289093659E-016,1.63471001427439E-016,1.54512571633347E-016,1.45694051956196E-016,1.37071202087824E-016,1.28688865263978E-016,1.20582265377658E-016,1.12778214217775E-016,1.05296223142729E-016,9.81495173886205E-017,9.13459540649099E-017,8.48888469281655E-017
1.89230693089741E-017,3.80713091776559E-017,5.73889445882769E-017,7.68125455024336E-017,9.62702443311447E-017,1.15680883319396E-016,1.34953086197596E-016,1.53984248061029E-016,1.72659437028602E-016,1.90850200804461E-016,2.0841327082104E-016,2.25189156180992E-016,2.41000619139636E-016,2.40506137004222E-016,2.38169244067114E-016,2.34261028041346E-016,2.29035964685373E-016,2.22729124686176E-016,2.1555469367059E-016,2.07705470764865E-016,1.99353081613807E-016,1.9064869875381E-016,1.81724108154027E-016,1.72692997615971E-016,1.63652372219284E-016,1.54684025492476E-016,1.45856013600188E-016,1.3722409449988E-016,1.28833105490894E-016,1.20718261479261E-016,1.1290636312101E-016,1.05416909199257E-016,9.82631114732303E-017,9.14528130841861E-017,8.49893136354621E-017
1.89746458373526E-017,3.81698618690727E-017,5.75298240457235E-017,7.69910739984171E-017,9.64817400106275E-017,1.15920688363251E-016,1.35216599453608E-016,1.5426696270226E-016,1.72956983856578E-016,1.91158397877511E-016,2.08728180156626E-016,2.2550714835536E-016,2.41318446689058E-016,2.40813831898104E-016,2.38465858195927E-016,2.3454594477286E-016,2.29308832027888E-016,2.22989799535684E-016,2.15803195674088E-016,2.07941944440337E-016,1.99577765493915E-016,1.9086190045363E-016,1.81926184395539E-016,1.72884338368279E-016,1.63833388230907E-016,1.54855138598628E-016,1.46017649283333E-016,1.37376676265883E-016,1.28977050696377E-016,1.20853978308961E-016,1.13034248467997E-016,1.05537347246678E-016,9.83764728147909E-017,9.15594542527801E-017,8.50895769360476E-017
1.90262709541896E-017,3.82684895380684E-017,5.76707855722918E-017,7.71696751968116E-017,9.66932853292189E-017,1.16160508952166E-016,1.35480085678392E-016,1.5454960165951E-016,1.7325440250461E-016,1.91466412457396E-016,2.09042852646745E-016,2.2582485077642E-016,2.41635934156625E-016,2.41121164522555E-016,2.38762092770699E-016,2.34830469364326E-016,2.29581299044609E-016,2.2325006991349E-016,2.16051292702909E-016,2.08178015867809E-016,1.99802052668119E-016,1.91074713401399E-016,1.82127881865768E-016,1.73075311996645E-016,1.64014050100197E-016,1.55025911575988E-016,1.46178959611438E-016,1.37528947969421E-016,1.2912070143873E-016,1.20989416397434E-016,1.13161870760103E-016,1.05657537755955E-016,9.84896018532856E-017,9.16658779795692E-017,8.51896372079522E-017
1.90779446007189E-017,3.836719205212E-017,5.78118289606087E-017,7.73483488251858E-017,9.69048799673165E-017,1.1640034474279E-016,1.35743544531488E-016,1.54832164623029E-016,1.73551692720909E-016,1.91774244375532E-016,2.09357288228201E-016,2.26142263504835E-016,2.41953081741432E-016,2.41428135157462E-016,2.39057948146842E-016,2.35114602239496E-016,2.29853366219135E-016,2.2350993635377E-016,2.16298985332199E-016,2.08413685653821E-016,2.00025943765104E-016,1.91287138239227E-016,1.82329201212233E-016,1.73265919146762E-016,1.64194358464638E-016,1.55196345048317E-016,1.46339945189887E-016,1.37680910193663E-016,1.29264058275858E-016,1.21124576274991E-016,1.13289230498364E-016,1.05777481197763E-016,9.86024990284522E-017,9.17720846732313E-017,8.52894948290539E-017
1.91296667182936E-017,3.84659692789888E-017,5.79529540037938E-017,7.75270946118409E-017,9.71165236063002E-017,1.1664019539299E-016,1.3600697567386E-016,1.55114651284645E-016,1.73848854255337E-016,1.92081893464978E-016,2.09671486839344E-016,2.26459386602624E-016,2.42269889643646E-016,2.41734744083627E-016,2.39353424680506E-016,2.35398343822685E-016,2.3012503403546E-016,2.23769399390929E-016,2.16546274137183E-016,2.08648954404864E-016,2.00249439413392E-016,1.91499175608976E-016,1.82530143082126E-016,1.73456160463945E-016,1.64374313961307E-016,1.5536643963895E-016,1.4650060662363E-016,1.37832563521357E-016,1.29407121765265E-016,1.21259458471566E-016,1.1341632818348E-016,1.05897178042478E-016,9.87151647797751E-017,9.18780747422379E-017,8.53891501770713E-017
1.91814372483853E-017,3.85648210867187E-017,5.80941604954574E-017,7.7705912285807E-017,9.73282159285289E-017,1.16880060561852E-016,1.36270378767895E-016,1.55397061337753E-016,1.74145886859401E-016,1.92389359560429E-016,2.09985448420058E-016,2.26776220133145E-016,2.42586358064491E-016,2.42040991582749E-016,2.39648522728572E-016,2.35681694538764E-016,2.30396302977958E-016,2.24028459559593E-016,2.16793159693159E-016,2.0888382272737E-016,2.00472540241337E-016,1.91710826152241E-016,1.82730708122307E-016,1.73646036593124E-016,1.64553917226855E-016,1.55536195970782E-016,1.46660944517174E-016,1.37983908534819E-016,1.29549892464044E-016,1.21394063516714E-016,1.13543164315802E-016,1.0601662876017E-016,9.88275995464785E-017,9.19838485948463E-017,8.54886036295564E-017
1.92332561325841E-017,3.86637473436363E-017,5.82354482296994E-017,7.78848015768416E-017,9.7539956617337E-017,1.17119939909672E-016,1.36533753477391E-016,1.55679394477308E-016,1.74442790286242E-016,1.92696642498206E-016,2.10299172911753E-016,2.27092764161093E-016,2.42902487206245E-016,2.4234687793742E-016,2.39943242648638E-016,2.35964654813145E-016,2.30667173531374E-016,2.24287117394595E-016,2.17039642575489E-016,2.09118291227702E-016,2.00695246877108E-016,1.91922090510348E-016,1.82930896979292E-016,1.73835548178832E-016,1.64733168897506E-016,1.5570561466626E-016,1.46820959474579E-016,1.38134945815925E-016,1.29692370928866E-016,1.21528391939599E-016,1.13669739395328E-016,1.06135833820597E-016,9.89398037675182E-017,9.20894066390927E-017,8.55878555638882E-017
1.92851233125975E-017,3.87627479183487E-017,5.83768170011072E-017,7.80637622154264E-017,9.77517453570305E-017,1.17359833097956E-016,1.36797099467556E-016,1.5596165039982E-016,1.74739564290628E-016,1.93003742116246E-016,2.10612660257359E-016,2.27409018752486E-016,2.43218277272227E-016,2.42652403431115E-016,2.40237584799013E-016,2.36247225071775E-016,2.30937646180815E-016,2.24545373430972E-016,2.17285723359583E-016,2.09352360512146E-016,2.00917559948689E-016,1.92132969324341E-016,1.83130710299243E-016,1.74024695865201E-016,1.64912069609048E-016,1.55874696347379E-016,1.46980652099446E-016,1.38285675946104E-016,1.29834557715978E-016,1.21662444268986E-016,1.13796053921695E-016,1.06254793693199E-016,9.90517778815754E-017,9.21947492827858E-017,8.5686906357265E-017
1.93370387302508E-017,3.88618226797435E-017,5.85182666047544E-017,7.82427939327651E-017,9.79635818328841E-017,1.1759973978941E-016,1.37060416405E-016,1.56243828803345E-016,1.75036208628949E-016,1.93310658254096E-016,2.1092591040131E-016,2.27724983974655E-016,2.43533728466785E-016,2.42957568348179E-016,2.40531549538706E-016,2.36529405741125E-016,2.31207721411744E-016,2.24803228203947E-016,2.17531402620896E-016,2.095860311869E-016,2.01139480083862E-016,1.92343463234974E-016,1.83330148727965E-016,1.74213480295947E-016,1.6509061999682E-016,1.56043441635668E-016,1.47140022994909E-016,1.38436099506327E-016,1.29976453381189E-016,1.21796221033235E-016,1.13922108394172E-016,1.06373508847085E-016,9.91635223270488E-017,9.22998769334984E-017,8.57857563866985E-017
1.93890023274863E-017,3.89609714969877E-017,5.86597968361986E-017,7.84218964607806E-017,9.8175465731137E-017,1.17839659647941E-016,1.37323703957729E-016,1.56525929387479E-016,1.75332723059203E-016,1.93617390752902E-016,2.11238923289537E-016,2.28040659896237E-016,2.43848840995292E-016,2.4326237297382E-016,2.40825137227416E-016,2.3681119724818E-016,2.31477399709961E-016,2.25060682248928E-016,2.17776680934917E-016,2.09819303858062E-016,2.01361007910203E-016,1.92553572882704E-016,1.83529212910891E-016,1.74401902114367E-016,1.65268820695708E-016,1.56211851152186E-016,1.4729907276363E-016,1.38586217077102E-016,1.30118058479868E-016,1.21929722760294E-016,1.14047903311649E-016,1.06491979751032E-016,9.92750375420479E-017,9.24047899985622E-017,8.58844060290064E-017
1.94410140463626E-017,3.90601942395264E-017,5.88014074914807E-017,7.86010695321131E-017,9.83873967389901E-017,1.18079592338645E-016,1.3758696179514E-016,1.56807951853353E-016,1.75629107340996E-016,1.939239394554E-016,2.11551698869464E-016,2.28356046587164E-016,2.44163615064133E-016,2.43566817594099E-016,2.41118348225522E-016,2.3709260002043E-016,2.31746681561605E-016,2.25317736101492E-016,2.18021558877158E-016,2.1005217913163E-016,2.01582144055072E-016,1.92763298907681E-016,1.83727903493077E-016,1.74589961963329E-016,1.65446672340135E-016,1.5637992551751E-016,1.47457802007788E-016,1.38736029238469E-016,1.30259373566933E-016,1.2206294997769E-016,1.14173439172635E-016,1.06610206873476E-016,9.9386323964386E-017,9.25094888850595E-017,8.5982855660806E-017
1.94930738290551E-017,3.91594907770822E-017,5.89430983671222E-017,7.87803128801169E-017,9.85993745446016E-017,1.18319537527813E-016,1.37850189588017E-016,1.5708989590362E-016,1.75925361235525E-016,1.94230304205909E-016,2.11864237089989E-016,2.28671144118654E-016,2.44478050880696E-016,2.43870902495919E-016,2.41411182894073E-016,2.37373614485862E-016,2.32015567453134E-016,2.25574390297378E-016,2.18266037023146E-016,2.10284657613483E-016,2.01802889145603E-016,1.92972641949736E-016,1.83926221119193E-016,1.74777660485263E-016,1.65624175564053E-016,1.56547665351731E-016,1.47616211329072E-016,1.38885536569984E-016,1.30400399196843E-016,1.22195903212524E-016,1.14298716475248E-016,1.06728190682501E-016,9.94973820315733E-017,9.26139739998176E-017,8.60811056585079E-017
1.95451816178546E-017,3.92588609796542E-017,5.90848692601246E-017,7.89596262388585E-017,9.88113988370847E-017,1.18559494882915E-016,1.3811338700852E-016,1.57371761242457E-016,1.76221484505578E-016,1.94536484850323E-016,2.12176537901484E-016,2.289859525632E-016,2.44792148653366E-016,2.44174627967021E-016,2.41703641594781E-016,2.37654241072946E-016,2.32284057871324E-016,2.2583064537248E-016,2.18510115948416E-016,2.10516739909377E-016,2.02023243808695E-016,1.93181602648378E-016,1.84124166433512E-016,1.74964998322151E-016,1.65801331000935E-016,1.56715071274447E-016,1.47774301328676E-016,1.3903473965072E-016,1.30541135923595E-016,1.22328582991459E-016,1.14423735717207E-016,1.0684593164584E-016,9.96082121808105E-017,9.27182457494019E-017,8.61791563983093E-017
1.95973373551676E-017,3.93583047175171E-017,5.92267199679672E-017,7.91390093431141E-017,9.90234693065032E-017,1.18799464072604E-016,1.38376553730186E-016,1.57653547575549E-016,1.76517476915522E-016,1.94842481236098E-016,2.12488601255781E-016,2.29300471994562E-016,2.45105908591508E-016,2.44477994295965E-016,2.4199572469001E-016,2.37934480210631E-016,2.32552153303254E-016,2.26086501862835E-016,2.18753796228497E-016,2.10748426624937E-016,2.02243208671007E-016,1.93390181642785E-016,1.84321740079907E-016,1.75151976115525E-016,1.65978139283768E-016,1.56882143904749E-016,1.47932072607286E-016,1.39183639059256E-016,1.3068158430071E-016,1.2246098984072E-016,1.14548497395827E-016,1.0696343023086E-016,9.97188148489815E-017,9.2822304540109E-017,8.62770082561877E-017
1.96495409835156E-017,3.94578218612203E-017,5.93686502886056E-017,7.93184619283667E-017,9.92355856438685E-017,1.19039444766706E-016,1.38639689427918E-016,1.57935254610091E-016,1.76813338231296E-016,1.95148293212249E-016,2.12800427106162E-016,2.2961470248776E-016,2.45419330905469E-016,2.4478100177213E-016,2.42287432542767E-016,2.38214332328331E-016,2.32819854236299E-016,2.26341960304613E-016,2.18997078438908E-016,2.10979718365645E-016,2.02462784358942E-016,1.93598379571789E-016,1.84518942701839E-016,1.75338594506453E-016,1.66154601045045E-016,1.5704888386122E-016,1.48089525765079E-016,1.39332235373667E-016,1.30821744881232E-016,1.2259312428608E-016,1.14673002008013E-016,1.07080686904561E-016,9.98291904726474E-017,9.2926150777961E-017,8.63746616078947E-017
1.97017924455349E-017,3.95574122815868E-017,5.95106600204703E-017,7.94979837308044E-017,9.94477475411361E-017,1.19279436636219E-016,1.38902793777981E-016,1.58216882054774E-016,1.77109068220404E-016,1.95453920629336E-016,2.13112015407355E-016,2.29928644119061E-016,2.45732415806559E-016,2.45083650685701E-016,2.42578765516692E-016,2.3849379785592E-016,2.33087161158122E-016,2.26597021234113E-016,2.19239963155146E-016,2.11210615736835E-016,2.02681971498649E-016,1.93806197073877E-016,1.84715774942349E-016,1.75524854135533E-016,1.66330716916755E-016,1.57215291761924E-016,1.4824666140171E-016,1.39480529171523E-016,1.30961618217719E-016,1.22724986852858E-016,1.14797250050249E-016,1.07197702133567E-016,9.99393394880399E-017,9.30297848686985E-017,8.64721168289499E-017
1.97540916839759E-017,3.96570758497128E-017,5.96527489624649E-017,7.96775744873172E-017,9.96599546912024E-017,1.19519439353308E-016,1.39165866457998E-016,1.58498429619783E-016,1.77404666651907E-016,1.95759363339462E-016,2.1342336611552E-016,2.30242296965969E-016,2.46045163507049E-016,2.45385941327658E-016,2.42869723976048E-016,2.3877287722372E-016,2.33354074556663E-016,2.26851685187748E-016,2.1948245095268E-016,2.11441119343681E-016,2.02900770716005E-016,1.94013634787176E-016,1.8491223744405E-016,1.75710755642886E-016,1.66506487530378E-016,1.57381368224398E-016,1.48403480116308E-016,1.39628521029876E-016,1.31101204862235E-016,1.2285657806591E-016,1.14921242018597E-016,1.07314476384119E-016,1.00049262331055E-016,9.31332072177746E-017,8.65693742946347E-017
1.98064386417032E-017,3.97568124369662E-017,5.97949169139647E-017,7.98572339354952E-017,9.98722067879009E-017,1.19759452591299E-016,1.39428907146943E-016,1.58779897016787E-016,1.77700133296415E-016,1.96064621196258E-016,2.13734479188243E-016,2.30555661107223E-016,2.46357574220155E-016,2.4568787398977E-016,2.43160308285717E-016,2.39051570862493E-016,2.33620594920132E-016,2.27105952702041E-016,2.1972454240694E-016,2.1167122979119E-016,2.03119182636613E-016,1.94220693349449E-016,1.85108330849124E-016,1.75896299668149E-016,1.66681913516879E-016,1.57547113865649E-016,1.48559982507469E-016,1.39776211525259E-016,1.31240505366343E-016,1.22987898449623E-016,1.15044978408685E-016,1.0743101012207E-016,1.00158959437245E-016,9.32364182303492E-017,8.6666434379986E-017
1.98588332616949E-017,3.9856621914986E-017,5.99371636748151E-017,8.0036961813626E-017,1.00084503525999E-016,1.19999476024675E-016,1.39691915525136E-016,1.59061283958935E-016,1.7799546792608E-016,1.96369694054879E-016,2.14045354584525E-016,2.3086873662278E-016,2.46669648160038E-016,2.45989448964587E-016,2.43450518811184E-016,2.39329879203432E-016,2.33886722736997E-016,2.27359824313614E-016,2.1996623809331E-016,2.11900947684197E-016,2.03337207885791E-016,1.94427373398084E-016,1.85304055799306E-016,1.76081486850466E-016,1.66856995506696E-016,1.57712529302143E-016,1.48716169173247E-016,1.39923601233672E-016,1.31379520281101E-016,1.23118948527907E-016,1.15168459715705E-016,1.0754730381288E-016,1.00268431241817E-016,9.3339418311282E-017,8.67632974597909E-017
1.99112754870419E-017,3.99565041556816E-017,6.00794890453301E-017,8.02167578606925E-017,1.00296844601196E-016,1.20239509329071E-016,1.39954891274235E-016,1.59342590160849E-016,1.78290670314587E-016,1.96674581771995E-016,2.14355992264776E-016,2.31181523593809E-016,2.46981385541788E-016,2.46290666545426E-016,2.43740355918532E-016,2.39607802678153E-016,2.3415245849598E-016,2.27613300559179E-016,2.20207538587117E-016,2.1213027362735E-016,2.03554847088563E-016,1.94633675570089E-016,1.85499412935883E-016,1.76266317828479E-016,1.67031734129735E-016,1.57877615149797E-016,1.48872040711147E-016,1.40070690730582E-016,1.3151825015705E-016,1.23249728824192E-016,1.15291686434404E-016,1.07663357921603E-016,1.0037767817962E-016,9.34422078651272E-017,8.68599639085802E-017
1.99637652609485E-017,4.00564590312314E-017,6.02218928262904E-017,8.039662181637E-017,1.00509229710116E-016,1.20479552181274E-016,1.40217834077236E-016,1.59623815338616E-016,1.78585740237149E-016,1.9697928420578E-016,2.14666392190803E-016,2.31494022102684E-016,2.47292786581418E-016,2.46591527026367E-016,2.44029819974434E-016,2.39885341718683E-016,2.34417802686044E-016,2.27866381975533E-016,2.20448444463628E-016,2.12359208225107E-016,2.03772100869656E-016,1.94839600502082E-016,1.85694402899684E-016,1.76450793240326E-016,1.67206130015366E-016,1.58042372023976E-016,1.49027597718122E-016,1.4021748059091E-016,1.31656695544215E-016,1.23380239861416E-016,1.15414659059077E-016,1.07779172912891E-016,1.00486700685146E-016,9.35447872961275E-017,8.69564341006232E-017
2.0016302526731E-017,4.01564864140824E-017,6.03643748189425E-017,8.05765534210244E-017,1.0072165855031E-016,1.20719604259212E-016,1.40480743618461E-016,1.59904959209782E-016,1.78880677470498E-016,1.97283801215909E-016,2.14976554325804E-016,2.31806232232973E-016,2.47603851495856E-016,2.46892030702242E-016,2.44318911346142E-016,2.40162496757455E-016,2.34682755796385E-016,2.28119069099543E-016,2.20688956298037E-016,2.12587752081726E-016,2.03988969853486E-016,1.95045148830285E-016,1.85889026331072E-016,1.76634913723627E-016,1.67380183792409E-016,1.58206800539484E-016,1.49182840790562E-016,1.4036397138903E-016,1.31794856992093E-016,1.23510482162025E-016,1.15537378083564E-016,1.0789474925098E-016,1.00595499192517E-016,9.36471570082082E-017,8.70527084099215E-017
2.00688872278179E-017,4.02565861769492E-017,6.05069348249965E-017,8.07565524157097E-017,1.00934130820247E-016,1.20959665241955E-016,1.40743619583557E-016,1.60186021493347E-016,1.79175481792877E-016,1.97588132663543E-016,2.15286478634358E-016,2.32118154069429E-016,2.47914580502934E-016,2.47192177868628E-016,2.44607630401479E-016,2.40439268227298E-016,2.34947318316427E-016,2.28371362468144E-016,2.20929074665455E-016,2.12815905801259E-016,2.04205454664155E-016,1.95250321190516E-016,1.86083283869937E-016,1.76818679915482E-016,1.67553896089134E-016,1.58370901310554E-016,1.49337770524288E-016,1.4051016369876E-016,1.31932735049645E-016,1.23640456247962E-016,1.15659844001242E-016,1.08010087399686E-016,1.00704074135485E-016,9.37493174049712E-017,8.71487872102036E-017
2.01215193077494E-017,4.03567581928129E-017,6.06495726466253E-017,8.09366185421657E-017,1.01146646219316E-016,1.21199734809706E-016,1.4100646165949E-016,1.60467001909757E-016,1.79470152984034E-016,1.97892278411328E-016,2.15596165082417E-016,2.32429787697982E-016,2.48224973821383E-016,2.47491968821834E-016,2.4489597750883E-016,2.40715656561429E-016,2.35211490735809E-016,2.28623262618329E-016,2.21168800140911E-016,2.13043669987542E-016,2.04421555925439E-016,1.95455118218179E-016,1.86277176155691E-016,1.77002092452462E-016,1.67727267533249E-016,1.58534674950849E-016,1.49492387514547E-016,1.40656058093354E-016,1.32070330265297E-016,1.23770162640662E-016,1.15782057305018E-016,1.08125187822401E-016,1.00812425947424E-016,9.38512688896898E-017,8.72446708749193E-017
2.01741987101767E-017,4.04570023349207E-017,6.07922880864622E-017,8.11167515428153E-017,1.01359204447817E-016,1.21439812643801E-016,1.41269269534537E-016,1.60747900180897E-016,1.79764690825213E-016,1.98196238323382E-016,2.15905613637297E-016,2.3274113320573E-016,2.48535031670821E-016,2.47791403858899E-016,2.45183953037134E-016,2.40991662193441E-016,2.3547527354438E-016,2.28874770087136E-016,2.21408133299334E-016,2.13271045244185E-016,2.04637274260787E-016,1.95659540548262E-016,1.86470703827258E-016,1.77185151970603E-016,1.67900298751898E-016,1.58698122073446E-016,1.49646692356004E-016,1.408016551455E-016,1.32207643186927E-016,1.23899601861047E-016,1.15904018487324E-016,1.08240050982085E-016,1.00920555061322E-016,9.39530118653027E-017,8.73403597772346E-017
2.02269253788625E-017,4.05573184767845E-017,6.09350809476002E-017,8.12969511607629E-017,1.01571805206965E-016,1.21679898426703E-016,1.41532042898286E-016,1.61028716030086E-016,1.8005909509915E-016,1.98500012265288E-016,2.1621482426767E-016,2.33052190680932E-016,2.48844754271746E-016,2.48090483277579E-016,2.45471557355875E-016,2.41267285557301E-016,2.35738667232187E-016,2.29125885411649E-016,2.21647074715549E-016,2.13498032174572E-016,2.04852610293304E-016,1.95863588815325E-016,1.86663867523066E-016,1.77367859105395E-016,1.68072990371647E-016,1.58861243290839E-016,1.49800685642739E-016,1.40946955427308E-016,1.32344674361862E-016,1.24028774429519E-016,1.16025728040112E-016,1.08354677341261E-016,1.0102846190978E-016,9.40545467344087E-017,8.74358542900256E-017
2.02796992576796E-017,4.06577064921802E-017,6.10779510335899E-017,8.14772171397915E-017,1.01784448198879E-016,1.21919991841998E-016,1.41794781441623E-016,1.61309449182072E-016,1.8035336559006E-016,1.98803600104087E-016,2.16523796943554E-016,2.33362960212997E-016,2.49154141845529E-016,2.48389207376338E-016,2.45758790835075E-016,2.41542527087334E-016,2.36001672289473E-016,2.29376609128981E-016,2.21885624964272E-016,2.13724631381844E-016,2.05067564645754E-016,1.96067263653495E-016,1.86856667881045E-016,1.77550214491782E-016,1.68245343018488E-016,1.59024039214924E-016,1.49954367968234E-016,1.41091959510308E-016,1.32481424336872E-016,1.24157680865956E-016,1.16147186454847E-016,1.08469067362011E-016,1.01136146925002E-016,9.41558738992612E-017,8.75311547858737E-017
2.03325202906113E-017,4.07581662551473E-017,6.12208981484385E-017,8.16575492243604E-017,1.01997133126584E-016,1.22160092574389E-016,1.42057484856733E-016,1.61590099363021E-016,1.80647502083636E-016,1.99107001708271E-016,2.16832531636306E-016,2.33673441892475E-016,2.49463194614402E-016,2.48687576454343E-016,2.46045653845283E-016,2.41817387218223E-016,2.36264289206662E-016,2.29626941776273E-016,2.22123784620098E-016,2.13950843468899E-016,2.05282137940544E-016,1.96270565696458E-016,1.87049105538614E-016,1.7773221876415E-016,1.6841735731782E-016,1.59186510456998E-016,1.50107739925374E-016,1.41236667965446E-016,1.32617893658162E-016,1.24286321689703E-016,1.16268394222503E-016,1.08583221505967E-016,1.01243610538793E-016,9.4256993761763E-017,8.76262616370603E-017
2.03853884217504E-017,4.08586976399873E-017,6.13639220966079E-017,8.18379471596034E-017,1.02209859694007E-016,1.22400200309693E-016,1.42320152837093E-016,1.61870666300514E-016,1.80941504367037E-016,1.9941021694777E-016,2.17141028318616E-016,2.33983635811053E-016,2.49771912801456E-016,2.48985590811452E-016,2.46332146757569E-016,2.42091866384993E-016,2.36526518474355E-016,2.29876883890679E-016,2.22361554257494E-016,2.1417666903838E-016,2.05496330799722E-016,1.96473495577451E-016,1.8724118113268E-016,1.77913872556322E-016,1.68589033894455E-016,1.59348657627751E-016,1.50260802106437E-016,1.41381081363069E-016,1.3275408287137E-016,1.24414697419569E-016,1.16389351833554E-016,1.08697140234309E-016,1.01350853182552E-016,9.43579067234607E-017,8.77211752155614E-017
2.04383035952997E-017,4.09593005212634E-017,6.15070226830137E-017,8.20184106913263E-017,1.02422627605971E-016,1.22640314734839E-016,1.42582785077466E-016,1.62151149723543E-016,1.81235372228885E-016,1.99713245693952E-016,2.17449286964494E-016,2.34293542061541E-016,2.50080296630625E-016,2.49283250748211E-016,2.46618269943515E-016,2.42365965023009E-016,2.36788360583319E-016,2.30126436009366E-016,2.22598934450795E-016,2.14402108692669E-016,2.05710143844968E-016,1.96676053929259E-016,1.87432895299627E-016,1.78095176501553E-016,1.68760373372601E-016,1.59510481337259E-016,1.50413555103088E-016,1.41525200272931E-016,1.32889992521557E-016,1.24542808573819E-016,1.16510059777971E-016,1.08810824007755E-016,1.01457875287265E-016,9.44586131855398E-017,8.78158958930428E-017
2.04912657555706E-017,4.10599747737996E-017,6.1650199713023E-017,8.21989395660044E-017,1.02635436568196E-016,1.22880435537861E-016,1.42845381273895E-016,1.62431549362499E-016,1.81529105459254E-016,2.00016087819609E-016,2.17757307549264E-016,2.34603160737868E-016,2.50388346326684E-016,2.49580556565838E-016,2.46904023775205E-016,2.42639683567962E-016,2.37049816024485E-016,2.303755986695E-016,2.22835925774191E-016,2.14627163033881E-016,2.05923577697588E-016,1.96878241384205E-016,1.87624248675309E-016,1.78276131232521E-016,1.68931376375862E-016,1.59671982194982E-016,1.50565999506375E-016,1.41669025264177E-016,1.33025623153203E-016,1.24670655670171E-016,1.16630518545217E-016,1.08924273286563E-016,1.01564677283503E-016,9.45591135488194E-017,8.79104240408548E-017
2.05442748469836E-017,4.11607202726796E-017,6.17934529924536E-017,8.23795335307805E-017,1.02848286287292E-016,1.23120562407893E-016,1.43107941123701E-016,1.62711864949171E-016,1.81822703849664E-016,2.00318743198951E-016,2.18065090049556E-016,2.34912491935071E-016,2.50696062115239E-016,2.49877508566222E-016,2.47189408625221E-016,2.42913022455867E-016,2.37310885288932E-016,2.30624372408243E-016,2.23072528801724E-016,2.14851832663854E-016,2.06136632978503E-016,1.97080058574142E-016,1.8781524189505E-016,1.78456737381323E-016,1.69102043527232E-016,1.5983316080975E-016,1.5071813590672E-016,1.41812556905343E-016,1.33160975310202E-016,1.2479823922579E-016,1.16750728624242E-016,1.09037488530517E-016,1.01671259601416E-016,9.46594082137471E-017,8.80047600300274E-017
2.05973308140675E-017,4.12615368932461E-017,6.19367823275722E-017,8.25601923334627E-017,1.03061176470759E-016,1.23360695035168E-016,1.43370464325474E-016,1.62992096216735E-016,1.82116167193077E-016,2.006212117076E-016,2.18372634443298E-016,2.35221535749288E-016,2.51003444222717E-016,2.50174107051912E-016,2.47474424866632E-016,2.43185982123052E-016,2.37571568867886E-016,2.30872757762742E-016,2.23308744107279E-016,2.15076118184145E-016,2.0634931030825E-016,1.97281506130449E-016,1.88005875593627E-016,1.78636995579465E-016,1.69272375449085E-016,1.59994017789767E-016,1.50869964893918E-016,1.41955795764349E-016,1.33296049535858E-016,1.24925559757279E-016,1.16870690503473E-016,1.09150470198929E-016,1.01777622670726E-016,9.47594975803943E-017,8.80989042312652E-017
2.06504336014592E-017,4.13624245110999E-017,6.2080187525093E-017,8.2740915722522E-017,1.03274106826981E-016,1.23600833111012E-016,1.4363295057907E-016,1.63272242899754E-016,1.82409495283885E-016,2.00923493222577E-016,2.18679940709708E-016,2.35530292277749E-016,2.51310492876361E-016,2.50470352326109E-016,2.47759072872986E-016,2.4345856300615E-016,2.37831867252708E-016,2.31120755270122E-016,2.23544572264575E-016,2.1530002019602E-016,2.06561610306967E-016,1.97482584684024E-016,1.88196150405274E-016,1.78816906457861E-016,1.69442372763171E-016,1.60154553742596E-016,1.51021487057126E-016,1.42098742408493E-016,1.33430846372874E-016,1.2505261778068E-016,1.16990404670815E-016,1.0926321875063E-016,1.01883766920724E-016,9.48593820484508E-017,8.8192857014943E-017
2.07035831539032E-017,4.14633830020994E-017,6.22236683921765E-017,8.29217034470901E-017,1.03487077065225E-016,1.23840976327841E-016,1.43895399585607E-016,1.63552304734166E-016,1.82702687917908E-016,2.01225587622304E-016,2.18987008829284E-016,2.35838761618768E-016,2.5161720830422E-016,2.50766244692656E-016,2.48043353018302E-016,2.4373076554209E-016,2.3809178093489E-016,2.3136836546748E-016,2.23780013847162E-016,2.15523539300451E-016,2.06773533594392E-016,1.97683294865278E-016,1.8838606696367E-016,1.78996470646823E-016,1.69612036090613E-016,1.6031476927516E-016,1.5117270298486E-016,1.42241397404447E-016,1.33565366363353E-016,1.25179413811464E-016,1.17109871613642E-016,1.09375734643966E-016,1.01989692780264E-016,9.49590620172202E-017,8.82866187511006E-017
2.07567794162515E-017,4.15644122423593E-017,6.23672247364275E-017,8.31025552569576E-017,1.03700086895638E-016,1.24081124379154E-016,1.44157811047455E-016,1.6383228145728E-016,1.82995744892383E-016,2.01527494786586E-016,2.19293838783799E-016,2.36146943871736E-016,2.51923590735143E-016,2.51061784456036E-016,2.48327265677064E-016,2.44002590168095E-016,2.38351310406045E-016,2.31615588891878E-016,2.24015069428411E-016,2.15746676098103E-016,2.06985080789851E-016,1.97883637304125E-016,1.88575625901932E-016,1.79175688776058E-016,1.69781366051894E-016,1.60474664993733E-016,1.51323613264992E-016,1.42383761318249E-016,1.3369961004879E-016,1.25305948364525E-016,1.17229091818795E-016,1.09488018336794E-016,1.02095400677759E-016,9.50585378856156E-017,8.83801898094385E-017
2.0810022333463E-017,4.16655121082502E-017,6.25108563658944E-017,8.32834709025709E-017,1.03913136029241E-016,1.24321276959534E-016,1.44420184668237E-016,1.64112172807773E-016,1.83288666005959E-016,2.01829214596611E-016,2.19600430556291E-016,2.36454839137113E-016,2.52229640398771E-016,2.51356971921358E-016,2.48610811224212E-016,2.44274037321666E-016,2.38610456157897E-016,2.31862426080334E-016,2.24249739581504E-016,2.15969431189334E-016,2.07196252512258E-016,1.98083612629981E-016,1.88764827852614E-016,1.79354561474658E-016,1.6995036326686E-016,1.60634241503934E-016,1.5147421848474E-016,1.42525834715299E-016,1.33833577970065E-016,1.25432221954181E-016,1.17348065772572E-016,1.09600070286474E-016,1.02200891041175E-016,9.5157810052154E-017,8.84735705593127E-017
2.08633118506032E-017,4.17666824763974E-017,6.2654563089067E-017,8.3464450135031E-017,1.04126224177931E-016,1.24561433764638E-016,1.4468252015282E-016,1.64391978525679E-016,1.8358145105869E-016,2.02130746934936E-016,2.19906784131056E-016,2.36762447516418E-016,2.52535357525525E-016,2.51651807394351E-016,2.48893990035133E-016,2.44545107440581E-016,2.38869218682281E-016,2.32108877569814E-016,2.24484024879436E-016,2.16191805174182E-016,2.07407049380103E-016,1.98283221471753E-016,1.88953673447694E-016,1.79533089371098E-016,1.70119028354708E-016,1.60793499410725E-016,1.51624519230663E-016,1.42667618160355E-016,1.33967270667442E-016,1.25558235094163E-016,1.17466793960729E-016,1.09711890949868E-016,1.02306164298028E-016,9.5256878914952E-017,8.85667613697309E-017
2.09166479128441E-017,4.18679232236804E-017,6.27983447148758E-017,8.36454927060907E-017,1.04339351054472E-016,1.24801594491199E-016,1.44944817207312E-016,1.64671698352385E-016,1.83874099852029E-016,2.02432091685487E-016,2.20212899493639E-016,2.37069769112221E-016,2.52840742346606E-016,2.5194629118136E-016,2.49176802485657E-016,2.44815800962884E-016,2.39127598471128E-016,2.32354943897228E-016,2.24717925894998E-016,2.16413798652366E-016,2.0761747201145E-016,1.98482464457835E-016,1.89142163318576E-016,1.79711273093228E-016,1.70287361933982E-016,1.60952439318402E-016,1.51774516088661E-016,1.42809112217527E-016,1.34100688680561E-016,1.25683988297612E-016,1.17585276868471E-016,1.09823480783334E-016,1.02411220875376E-016,9.53557448717218E-017,8.86597626093475E-017
2.09700304654636E-017,4.19692342272318E-017,6.29422010526899E-017,8.38265983681528E-017,1.04552516372497E-016,1.25041758837016E-016,1.45207075539056E-016,1.64951332030627E-016,1.84166612188819E-016,2.02733248733546E-016,2.20518776630828E-016,2.37376804028139E-016,2.53145795093979E-016,2.52240423589333E-016,2.49459248952045E-016,2.4508611832688E-016,2.39385596016462E-016,2.32600625599422E-016,2.24951443200777E-016,2.16635412223269E-016,2.07827521023924E-016,1.98681342216103E-016,1.89330298096076E-016,1.79889113268268E-016,1.70455364622568E-016,1.61111061830589E-016,1.51924209643963E-016,1.42950317450271E-016,1.34233832548432E-016,1.25809482077075E-016,1.17703514980448E-016,1.09934840242719E-016,1.0251606119982E-016,9.54544083197658E-017,8.87525746464593E-017
2.10234594538451E-017,4.20706153644368E-017,6.30861319123161E-017,8.40077668742677E-017,1.04765719846502E-016,1.25281926500954E-016,1.45469294856625E-016,1.65230879304481E-016,1.84458987873287E-016,2.03034217965744E-016,2.20824415530644E-016,2.37683552368823E-016,2.53450516000374E-016,2.52534204925815E-016,2.49741329810983E-016,2.45356059971125E-016,2.39643211810393E-016,2.32845923213168E-016,2.25184577369146E-016,2.16856646485942E-016,2.08037197034713E-016,1.98879855373907E-016,1.89518078410423E-016,1.80066610522805E-016,1.7062303703769E-016,1.61269367550238E-016,1.52073600481127E-016,1.43091234421384E-016,1.34366702809434E-016,1.259347169445E-016,1.17821508780752E-016,1.10045969783359E-016,1.02620685697494E-016,9.55528696559726E-017,8.88451978490009E-017
2.10769348234773E-017,4.21720665129323E-017,6.32301371039975E-017,8.4188997978131E-017,1.04978961191844E-016,1.25522097182941E-016,1.45731474869816E-016,1.6551033991936E-016,1.8475122671104E-016,2.03334999270058E-016,2.21129816182335E-016,2.37990014239956E-016,2.5375490529927E-016,2.52827635498943E-016,2.50023045439578E-016,2.45625626334421E-016,2.39900446345107E-016,2.33090837275162E-016,2.25417328972258E-016,2.17077502039092E-016,2.08246500660556E-016,1.99078004558065E-016,1.89705504891249E-016,1.80243765482781E-016,1.70790379795903E-016,1.61427357079618E-016,1.52222689184031E-016,1.43231863693002E-016,1.34499300001308E-016,1.26059693411229E-016,1.17939258752912E-016,1.10156869860069E-016,1.02725094794062E-016,9.56511292768129E-017,8.89376325845412E-017
2.1130456519954E-017,4.2273587550606E-017,6.33742164384115E-017,8.43702914340823E-017,1.05192240124737E-016,1.25762270583959E-016,1.45993615289649E-016,1.65789713622005E-016,1.85043328509055E-016,2.03635592535797E-016,2.21434978576369E-016,2.38296189748238E-016,2.54058963224894E-016,2.53120715617435E-016,2.50304396215345E-016,2.45894817855806E-016,2.40157300112861E-016,2.33335368322011E-016,2.25649698582041E-016,2.17297979481073E-016,2.0845543251774E-016,1.9927579039486E-016,1.89892578167584E-016,1.80420578773493E-016,1.70957393513086E-016,1.61585031020314E-016,1.52371476335872E-016,1.43372205826591E-016,1.34631624661152E-016,1.26184411987997E-016,1.18056765379888E-016,1.10267540927143E-016,1.02829288914718E-016,9.57491875783346E-017,8.90298792202782E-017
2.11840244889734E-017,4.23751783555954E-017,6.35183697266694E-017,8.45516469971019E-017,1.05405556362252E-016,1.26002446406045E-016,1.46255715828356E-016,1.66069000160481E-016,1.85335293075674E-016,2.03935997653601E-016,2.21739902704423E-016,2.38602079001384E-016,2.5436269001221E-016,2.53413445590585E-016,2.50585382516202E-016,2.4616363497455E-016,2.40413773605975E-016,2.33579516890234E-016,2.25881686770188E-016,2.17518079409889E-016,2.08663993222092E-016,1.9947321351003E-016,1.90079298867854E-016,1.80597051019589E-016,1.71124078804439E-016,1.61742389973218E-016,1.52519962519159E-016,1.43512261382945E-016,1.34763677325415E-016,1.26308873184925E-016,1.18174029144065E-016,1.10377983438348E-016,1.02933268484174E-016,9.58470449561589E-017,8.91219381230352E-017
2.12376386763381E-017,4.24768388062878E-017,6.36625967803139E-017,8.47330644228095E-017,1.0561890962231E-016,1.26242624352285E-016,1.46517776199382E-016,1.66348199284173E-016,1.85627120220595E-016,2.04236214515431E-016,2.2204458855938E-016,2.38907682108116E-016,2.54666085896914E-016,2.53705825728256E-016,2.50866004720465E-016,2.46432078130145E-016,2.40669867316826E-016,2.33823283516248E-016,2.26113294108155E-016,2.17737802423177E-016,2.08872183388973E-016,1.99670274528765E-016,1.9026566761987E-016,1.80773182845055E-016,1.71290436284481E-016,1.6189943453853E-016,1.52668148315706E-016,1.43652030922181E-016,1.34895458529897E-016,1.26433077511517E-016,1.18291050527256E-016,1.10488197846919E-016,1.03037033926662E-016,9.59447018054761E-017,8.9213809659257E-017
2.12912990279545E-017,4.25785687813185E-017,6.38068974113187E-017,8.49145434674619E-017,1.05832299623682E-016,1.26482804126809E-016,1.46779796117377E-016,1.66627310743776E-016,1.85918809754869E-016,2.04536243014559E-016,2.22349036135318E-016,2.39212999178153E-016,2.54969151115423E-016,2.53997856340869E-016,2.51146263206838E-016,2.46700147762302E-016,2.40925581737841E-016,2.34066668736365E-016,2.26344521167151E-016,2.17957149118209E-016,2.09080003633273E-016,1.99866974075701E-016,1.90451685050826E-016,1.80948974873217E-016,1.71456466567036E-016,1.62056165315745E-016,1.52816034306632E-016,1.43791515003732E-016,1.3502696880974E-016,1.26557025476653E-016,1.18407830010688E-016,1.10598184605556E-016,1.03140585665926E-016,9.60421585210415E-017,8.93054941950054E-017
2.13450054898329E-017,4.26803681595707E-017,6.39512714320864E-017,8.50960838879505E-017,1.06045726085984E-016,1.26722985434789E-016,1.47041775298192E-016,1.66906334291291E-016,1.86210361490892E-016,2.04836083045569E-016,2.22653245427503E-016,2.39518030322203E-016,2.55271885904872E-016,2.54289537739399E-016,2.51426158354404E-016,2.46967844310937E-016,2.41180917361489E-016,2.34309673086786E-016,2.26575368518132E-016,2.18176120091881E-016,2.09287454569408E-016,2.00063312774914E-016,1.90637351787293E-016,1.81124427726735E-016,1.71622170265239E-016,1.62212582903657E-016,1.52963621072353E-016,1.43930714186348E-016,1.35158208699426E-016,1.26680717588588E-016,1.18524368075004E-016,1.10707944166417E-016,1.03243924125223E-016,9.61394154971712E-017,8.93969920959556E-017
2.13987580080863E-017,4.27822368201746E-017,6.40957186554477E-017,8.52776854417998E-017,1.06259188729676E-016,1.26963167982436E-016,1.47303713458872E-016,1.67185269680022E-016,1.86501775242398E-016,2.0513573450434E-016,2.22957216432382E-016,2.39822775651959E-016,2.55574290503105E-016,2.54580870235369E-016,2.51705690542625E-016,2.47235168216171E-016,2.41435874680277E-016,2.34552297103592E-016,2.26805836731798E-016,2.18394715940711E-016,2.09494536811307E-016,2.00259291249915E-016,1.90822668455214E-016,1.81299542027594E-016,1.71787547991521E-016,1.62368687900346E-016,1.53110909192578E-016,1.44069629028084E-016,1.3528917873277E-016,1.26804154354946E-016,1.18640665200258E-016,1.1081747698112E-016,1.0334704972731E-016,9.62364731277381E-017,8.94883037273915E-017
2.14525565289313E-017,4.28841746425063E-017,6.42402388946597E-017,8.5459347887165E-017,1.06472687276058E-016,1.27203351476992E-016,1.47565610317656E-016,1.67464116664566E-016,1.86793050824451E-016,2.05435197288045E-016,2.23260949147578E-016,2.4012723528009E-016,2.55876365148668E-016,2.54871854140837E-016,2.51984860151326E-016,2.47502119918319E-016,2.41690454186739E-016,2.34794541322739E-016,2.27035926378583E-016,2.18612937260829E-016,2.09701250972414E-016,2.00454910123644E-016,1.91007635679897E-016,1.81474318397102E-016,1.71952600357614E-016,1.6252448090318E-016,1.53257899246306E-016,1.44208260086301E-016,1.35419879442919E-016,1.26927336282716E-016,1.18756721865909E-016,1.10926783500731E-016,1.03449962894451E-016,9.63333318061682E-017,8.95794294542031E-017
2.15064009986865E-017,4.29861815061875E-017,6.43848319634044E-017,8.564107098283E-017,1.06686221447266E-016,1.27443535626731E-016,1.47827465593967E-016,1.67742875000811E-016,1.87084188053443E-016,2.05734471295145E-016,2.23564443571879E-016,2.4043140932023E-016,2.561781100808E-016,2.55162489768397E-016,2.52263667560695E-016,2.47768699857887E-016,2.41944656373432E-016,2.35036406280052E-016,2.27265638028651E-016,2.18830784647973E-016,2.09907597665676E-016,2.00650170018464E-016,1.91192254086013E-016,1.81648757455885E-016,1.72117327974535E-016,1.62679962508807E-016,1.53404591811819E-016,1.44346607917662E-016,1.35550311362347E-016,1.27050263878246E-016,1.18872538550817E-016,1.11035864175767E-016,1.03552664048403E-016,9.64299919254365E-017,8.96703696408814E-017
2.15602913637732E-017,4.30882572910844E-017,6.45294976757881E-017,8.58228544882052E-017,1.06899790966272E-016,1.27683720140952E-016,1.48089279008411E-016,1.68021544445928E-016,1.87375186747083E-016,2.06033556425376E-016,2.2386769970523E-016,2.40735297886977E-016,2.56479525539429E-016,2.55452777431164E-016,2.52542113151272E-016,2.48034908475558E-016,2.42198481732932E-016,2.35277892511218E-016,2.27494972251888E-016,2.19048258697485E-016,2.10113577503545E-016,2.00845071556158E-016,1.91376524297589E-016,1.81822859823881E-016,1.72281731452593E-016,1.62835133313151E-016,1.53550987466678E-016,1.44484673078123E-016,1.35680475022849E-016,1.27172937647243E-016,1.18988115733241E-016,1.11144719456188E-016,1.03655153610419E-016,9.65264538780633E-017,8.97611246515154E-017
2.16142275707144E-017,4.3190401877307E-017,6.46742358463389E-017,8.60046981633258E-017,1.07113395556878E-016,1.27923904729977E-016,1.48351050282771E-016,1.68300124758365E-016,1.87666046724394E-016,2.06332452579747E-016,2.24170717548732E-016,2.41038901095881E-016,2.56780611765162E-016,2.55742717442772E-016,2.52820197303944E-016,2.48300746212195E-016,2.42451930757821E-016,2.3551900055178E-016,2.27723929617899E-016,2.19265360004303E-016,2.10319191097963E-016,2.01039615357921E-016,1.91560446938003E-016,1.81996626120336E-016,1.72445811401376E-016,1.62989993911407E-016,1.53697086787723E-016,1.44622456122933E-016,1.35810370955538E-016,1.27295358094766E-016,1.19103453890835E-016,1.11253349791392E-016,1.03757432001242E-016,9.66227180561103E-017,8.98516948497882E-017
2.16682095661348E-017,4.32926151452083E-017,6.48190462900065E-017,8.61866017688492E-017,1.07327034943716E-016,1.28164089105145E-016,1.48612779140002E-016,1.68578615697844E-016,1.87956767805704E-016,2.06631159660534E-016,2.24473497104627E-016,2.41342219063439E-016,2.57081368999283E-016,2.56032310117367E-016,2.53097920399938E-016,2.48566213508825E-016,2.42705003940686E-016,2.3575973093713E-016,2.27952510696E-016,2.19482089162954E-016,2.10524439060365E-016,2.01233802044358E-016,1.91744022629978E-016,1.821700569638E-016,1.7260956842975E-016,1.63144544898039E-016,1.53842890351063E-016,1.4475995760663E-016,1.3593999969084E-016,1.27417525725222E-016,1.19218553500641E-016,1.11361755630217E-016,1.03859499641099E-016,9.67187848511771E-017,8.99420805989733E-017
2.17222372967604E-017,4.33948969753839E-017,6.49639288221602E-017,8.63685650660536E-017,1.07540708852242E-016,1.28404272978811E-016,1.48874465304225E-016,1.68857017025354E-016,1.88247349812641E-016,2.06929677571268E-016,2.24776038376295E-016,2.41645251907085E-016,2.57381797483739E-016,2.56321555769598E-016,2.53375282820813E-016,2.4883131080664E-016,2.42957701774113E-016,2.36000084202504E-016,2.28180716055211E-016,2.19698446767553E-016,2.10729322001669E-016,2.01427632235475E-016,1.9192725199558E-016,1.8234315297212E-016,1.72773003145853E-016,1.63298786866773E-016,1.53988398732074E-016,1.44897178083032E-016,1.36069361758495E-016,1.27539441042363E-016,1.19333415039089E-016,1.11469937420932E-016,1.03961356949702E-016,9.68146546543974E-017,9.00322822619311E-017
2.17763107094182E-017,4.34972472486706E-017,6.51088832585878E-017,8.65505878168354E-017,1.07754417008736E-016,1.28644456064341E-016,1.49136108500725E-016,1.69135328503144E-016,1.88537792568127E-016,2.07228006216733E-016,2.25078341368248E-016,2.41947999745188E-016,2.57681897461139E-016,2.56610454714609E-016,2.53652284948455E-016,2.49096038546986E-016,2.43210024750674E-016,2.36240060882977E-016,2.28408546264254E-016,2.19914433411793E-016,2.10933840532274E-016,2.01621106550678E-016,1.92110135656211E-016,1.82515914762437E-016,1.72936116157093E-016,1.63452720410594E-016,1.54133612505396E-016,1.45034118105239E-016,1.36198457687543E-016,1.27661104549283E-016,1.1944803898199E-016,1.11577895611234E-016,1.0406300434624E-016,9.69103278564355E-017,9.01223002011053E-017
2.18304297510357E-017,4.35996658461461E-017,6.52539094154942E-017,8.67326697837076E-017,1.07968159140297E-016,1.28884638076107E-016,1.49397708455946E-016,1.6941354989472E-016,1.88828095896372E-016,2.07526145502955E-016,2.25380406086121E-016,2.4225046269704E-016,2.57981669174743E-016,2.56899007268036E-016,2.53928927165068E-016,2.49360397171357E-016,2.43461973362929E-016,2.36479661513452E-016,2.28636001891544E-016,2.20130049688943E-016,2.1113799526205E-016,2.01814225608766E-016,1.92292674232606E-016,1.82688342951183E-016,1.73098908070141E-016,1.6360634612174E-016,1.54278532244927E-016,1.45170778225628E-016,1.36327288006333E-016,1.27782516748414E-016,1.19562425804535E-016,1.11685630648246E-016,1.04164442249377E-016,9.70058048474828E-017,9.02121347785194E-017
2.1884594368641E-017,4.37021526491283E-017,6.53990071095E-017,8.69148107297976E-017,1.08181934974844E-016,1.29124818729484E-016,1.49659264897485E-016,1.69691680964839E-016,1.89118259622866E-016,2.07824095337199E-016,2.25682232536662E-016,2.4255264088285E-016,2.58281112868459E-016,2.57187213745999E-016,2.5420520985317E-016,2.49624387121389E-016,2.43713548103415E-016,2.36718886628662E-016,2.28863083505184E-016,2.20345296191839E-016,2.11341786800338E-016,2.02006990027925E-016,1.92474868344826E-016,1.82860438154074E-016,1.73261379490928E-016,1.63759664591703E-016,1.54423158523823E-016,1.45307158995844E-016,1.36455853242506E-016,1.27903678141518E-016,1.19676575981289E-016,1.11793142978513E-016,1.04265671077249E-016,9.7101086017254E-017,9.03017863557733E-017
2.19388045093621E-017,4.38047075391742E-017,6.55441761576406E-017,8.70970104188453E-017,1.08395744241106E-016,1.2936499774085E-016,1.49920777554087E-016,1.69969721479501E-016,1.89408283574375E-016,2.08121855627962E-016,2.25983820727731E-016,2.42854534423738E-016,2.58580228786835E-016,2.57475074465093E-016,2.54481133395585E-016,2.49888008838856E-016,2.4396474946464E-016,2.36957736763156E-016,2.29089791672962E-016,2.20560173512882E-016,2.11545215755941E-016,2.02199400425726E-016,1.92656718612256E-016,1.83032200986105E-016,1.73423531024641E-016,1.63912676411219E-016,1.54567491914488E-016,1.45443260966802E-016,1.36584153923003E-016,1.28024589229691E-016,1.19790489986191E-016,1.11900433047999E-016,1.04366691247461E-016,9.71961717549842E-017,9.03912552940399E-017
2.19930601204265E-017,4.39073303980795E-017,6.56894163773644E-017,8.72792686152008E-017,1.08609586668627E-016,1.29605174827577E-016,1.50182246155643E-016,1.70247671205947E-016,1.89698167578933E-016,2.08419426284962E-016,2.26285170668289E-016,2.43156143441729E-016,2.58879017175049E-016,2.57762589742385E-016,2.54756698175437E-016,2.50151262765658E-016,2.4421557793908E-016,2.37196212451299E-016,2.29316126962339E-016,2.20774682244031E-016,2.11748282737123E-016,2.02391457419117E-016,1.92838225653598E-016,1.83203632061551E-016,1.73585363275719E-016,1.64065382170266E-016,1.54711532988574E-016,1.45579084688683E-016,1.36712190574054E-016,1.28145250513353E-016,1.19904168292547E-016,1.12007501302081E-016,1.04467503177082E-016,9.72910624494252E-017,9.04805419540619E-017
2.20473611491614E-017,4.40100211078776E-017,6.58347275865318E-017,8.7461585083823E-017,1.08823461987758E-016,1.29845349708028E-016,1.50443670433182E-016,1.70525529912653E-016,1.89987911465836E-016,2.08716807219138E-016,2.26586282368393E-016,2.43457468059742E-016,2.59177478278907E-016,2.58049759895404E-016,2.55031904576142E-016,2.50414149343822E-016,2.44466034019168E-016,2.37434314227264E-016,2.29542089940452E-016,2.20988822976799E-016,2.119509883516E-016,2.02583161624423E-016,1.93019390086868E-016,1.83374731993954E-016,1.73746876847847E-016,1.64217782458063E-016,1.54855282316978E-016,1.45714630710924E-016,1.36839963721176E-016,1.28265662492249E-016,1.20017611373025E-016,1.12114348185548E-016,1.04568107282642E-016,9.73857584888423E-017,9.05696466961482E-017
2.21017075429928E-017,4.4112779550839E-017,6.59801096034139E-017,8.7643959590277E-017,1.09037369929657E-016,1.30085522101557E-016,1.50705050118869E-016,1.70803297369322E-016,1.90277515065639E-016,2.09013998342638E-016,2.26887155839187E-016,2.43758508401589E-016,2.59475612344835E-016,2.58336585242137E-016,2.55306752981406E-016,2.5067666901549E-016,2.44716118197295E-016,2.37672042625025E-016,2.29767681174101E-016,2.21202596302245E-016,2.12153333206538E-016,2.02774513657335E-016,1.93200212529392E-016,1.83545501396129E-016,1.73908072343955E-016,1.64369877863061E-016,1.54998740469835E-016,1.45849899582224E-016,1.36967473889172E-016,1.2838582566544E-016,1.20130819699659E-016,1.12220974142598E-016,1.04668503980129E-016,9.7480260261011E-017,9.06585698801712E-017
2.21560992494457E-017,4.42156056094707E-017,6.61255622466911E-017,8.78263919007327E-017,1.09251310226285E-016,1.30325691728502E-016,1.50966384946002E-016,1.71080973346882E-016,1.90566978210145E-016,2.09310999568813E-016,2.27187791092896E-016,2.44059264591962E-016,2.59773419619872E-016,2.58623066101019E-016,2.55581243775211E-016,2.50938822222915E-016,2.44965830965795E-016,2.37909398178354E-016,2.29992901229751E-016,2.21416002810974E-016,2.12355317908546E-016,2.02965514132912E-016,1.93380693597801E-016,1.8371594088015E-016,1.74068950366211E-016,1.64521668972945E-016,1.55141908016518E-016,1.45984891850531E-016,1.37094721602123E-016,1.28505740531307E-016,1.20243793743837E-016,1.12327379616832E-016,1.04768693684987E-016,9.75745681532137E-017,9.07473118655631E-017
2.22105362161433E-017,4.43184991665151E-017,6.62710853354518E-017,8.80088817819623E-017,1.09465282610404E-016,1.30565858310184E-016,1.51227674649002E-016,1.71358557617477E-016,1.90856300732404E-016,2.09607810812214E-016,2.27488188142822E-016,2.44359736756432E-016,2.60070900351661E-016,2.58909202790933E-016,2.55855377341816E-016,2.51200609408455E-016,2.45215172816948E-016,2.38146381420814E-016,2.30217750673517E-016,2.21629043093125E-016,2.12556943063672E-016,2.03156163665571E-016,1.93560833908027E-016,1.83886051057355E-016,1.7422951151602E-016,1.64673156374623E-016,1.5528478552563E-016,1.46119608063046E-016,1.3722170738339E-016,1.28625407587541E-016,1.20356533976304E-016,1.12433565051254E-016,1.04868676812111E-016,9.76686825522367E-017,9.08358730113132E-017
2.22650183908073E-017,4.44214601049496E-017,6.64166786891913E-017,8.81914290013388E-017,1.09679286815572E-016,1.30806021568901E-016,1.51488918963413E-016,1.71636049954466E-016,1.91145482466703E-016,2.09904431988582E-016,2.27788347003333E-016,2.44659925021435E-016,2.60368054788449E-016,2.59194995631196E-016,2.56129154065749E-016,2.51462031014567E-016,2.45464144242969E-016,2.38382992885754E-016,2.30442230071171E-016,2.21841717738373E-016,2.12758209277402E-016,2.03346462869087E-016,1.93740634075298E-016,1.84055832538334E-016,1.74389756394019E-016,1.64824340654232E-016,1.55427373565007E-016,1.46254048766214E-016,1.37348431755606E-016,1.28744827331144E-016,1.20469040867156E-016,1.12539530888266E-016,1.04968453775845E-016,9.77626038443671E-017,9.09242536759643E-017
2.23195457212567E-017,4.45244883079858E-017,6.65623421278104E-017,8.83740333268339E-017,1.09893322576143E-016,1.31046181227926E-016,1.51750117625898E-016,1.71913450132415E-016,1.91434523248562E-016,2.10200863014842E-016,2.28088267689857E-016,2.44959829514274E-016,2.60664883179073E-016,2.59480444941558E-016,2.56402574331796E-016,2.517230874838E-016,2.45712745736004E-016,2.38619233106303E-016,2.30666339988125E-016,2.22054027335922E-016,2.12959117154649E-016,2.03536412356585E-016,1.93920094714134E-016,1.84225285932931E-016,1.74549685600072E-016,1.64975222397124E-016,1.55569672701707E-016,1.46388214505726E-016,1.37474895240674E-016,1.28864000258424E-016,1.20581314885838E-016,1.12645277569665E-016,1.05068024989977E-016,9.78563324153897E-017,9.10124542176105E-017
2.23741181554086E-017,4.46275836590686E-017,6.67080754716143E-017,8.85566945270158E-017,1.10107389627265E-016,1.312863370115E-016,1.52011270374231E-016,1.72190757927092E-016,1.91723422914727E-016,2.10497103809101E-016,2.28387950218878E-016,2.45259450363106E-016,2.6096138577296E-016,2.59765551042195E-016,2.56675638525002E-016,2.51983779258791E-016,2.45960977788122E-016,2.38855102615364E-016,2.30890080989434E-016,2.22265972474495E-016,2.13159667299751E-016,2.03726012740538E-016,1.94099216438345E-016,1.84394411850238E-016,1.74709299733267E-016,1.6512580218787E-016,1.55711683502012E-016,1.46522105826511E-016,1.37601098359768E-016,1.2898292686499E-016,1.20693356501137E-016,1.12750805536639E-016,1.05167390867739E-016,9.79498686505839E-017,9.11004749938933E-017
2.24287356412769E-017,4.47307460418758E-017,6.68538785413111E-017,8.87394123710479E-017,1.10321487704874E-016,1.31526488644836E-016,1.52272376947295E-016,1.72467973115462E-016,1.92012181303166E-016,2.10793154290633E-016,2.28687394607927E-016,2.45558787696937E-016,2.61257562820117E-016,2.60050314253698E-016,2.56948347030661E-016,2.52244106782256E-016,2.46208840891315E-016,2.39090601945612E-016,2.31113453639786E-016,2.22477553742338E-016,2.13359860316471E-016,2.03915264632764E-016,1.94277999861025E-016,1.84563210898588E-016,1.74868599391915E-016,1.65276080610253E-016,1.55853406531422E-016,1.46655723272733E-016,1.37727041633321E-016,1.29101607645754E-016,1.20805166181187E-016,1.12856115229767E-016,1.05266551821801E-016,9.80432129347209E-017,9.11883163619993E-017
2.24833981269726E-017,4.48339753403172E-017,6.69997511580106E-017,8.89221866286863E-017,1.10535616545693E-016,1.31766635854108E-016,1.52533437085078E-016,1.72745095475683E-016,1.92300798253061E-016,2.1108901437988E-016,2.28986600875577E-016,2.45857841645616E-016,2.61553414571125E-016,2.60334734897076E-016,2.57220700234308E-016,2.52504070496988E-016,2.46456335537484E-016,2.39325731629483E-016,2.31336458503502E-016,2.22688771727209E-016,2.13559696807984E-016,2.04104168644416E-016,1.94456445594547E-016,1.84731683685558E-016,1.75027585173542E-016,1.65426058247268E-016,1.55994842354653E-016,1.46789067387792E-016,1.37852725581031E-016,1.29220043094923E-016,1.20916744393457E-016,1.12961207089014E-016,1.05365508264272E-016,9.81363656520608E-017,9.12759786786573E-017
2.25381055607032E-017,4.49372714385337E-017,6.71456931432234E-017,8.91050170702782E-017,1.10749775887229E-016,1.3200677836645E-016,1.52794450528667E-016,1.73022124787099E-016,1.92589273604804E-016,2.11384683998444E-016,2.29285569041434E-016,2.46156612339828E-016,2.61848941277134E-016,2.60618813293739E-016,2.57492698521718E-016,2.52763670845849E-016,2.46703462218443E-016,2.39560492199173E-016,2.31559096144526E-016,2.22899627016374E-016,2.13759177376879E-016,2.04292725385985E-016,1.94634554250562E-016,1.84899830817961E-016,1.75186257674889E-016,1.65575735681111E-016,1.56135991535633E-016,1.46922138714317E-016,1.37978150721853E-016,1.29338233705999E-016,1.21028091604755E-016,1.13066081553727E-016,1.05464260606691E-016,9.82293271863494E-017,9.1363462300135E-017
2.25928578907726E-017,4.50406342208971E-017,6.72917043188592E-017,8.92879034667598E-017,1.10963965467772E-016,1.32246915909953E-016,1.53055417020244E-016,1.73299060830235E-016,1.92877607199989E-016,2.11680163069078E-016,2.29584299126133E-016,2.46455099911088E-016,2.62144143189856E-016,2.609025497655E-016,2.57764342278896E-016,2.53022908271764E-016,2.46950221425905E-016,2.39794884186633E-016,2.31781367126422E-016,2.23110120196605E-016,2.13958302625155E-016,2.04480935467292E-016,1.94812326439994E-016,1.85067652901841E-016,1.75344617491906E-016,1.65725113493187E-016,1.562768546375E-016,1.47054937794165E-016,1.38103317573996E-016,1.29456179971774E-016,1.21139208281221E-016,1.13170739062634E-016,1.05562809260031E-016,9.83220979208161E-017,9.14507675822367E-017
2.26476550655807E-017,4.51440635720088E-017,6.74377845072258E-017,8.94708455896547E-017,1.1117818502639E-016,1.32487048213662E-016,1.53316336303083E-016,1.73575903386794E-016,1.93165798881407E-016,2.11975451515683E-016,2.29882791151329E-016,2.46753304491734E-016,2.62439020561561E-016,2.61185944634566E-016,2.58035631892075E-016,2.53281783217716E-016,2.47196613651482E-016,2.40028908123563E-016,2.32003272012371E-016,2.23320251854174E-016,2.14157073154212E-016,2.04668799497484E-016,1.94989762773034E-016,1.85235150542472E-016,1.75502665219752E-016,1.65874192264096E-016,1.56417432222596E-016,1.47187465168416E-016,1.38228226654922E-016,1.29573882384329E-016,1.21250094888325E-016,1.13275180053841E-016,1.05661154634691E-016,9.84146782381704E-017,9.15378948803004E-017
2.27024970336232E-017,4.52475593766995E-017,6.75839335310278E-017,8.96538432110717E-017,1.11392434302927E-016,1.32727175007572E-016,1.53577208121546E-016,1.73852652239649E-016,1.93453848493044E-016,2.122705492633E-016,2.30181045139694E-016,2.47051226214921E-016,2.62733573645067E-016,2.61468998223531E-016,2.58306567747703E-016,2.5354029612674E-016,2.47442639386679E-016,2.40262564541403E-016,2.32224811365164E-016,2.23530022574848E-016,2.1435548956485E-016,2.04856318085031E-016,1.95166863859141E-016,1.85402324344356E-016,1.75660401452787E-016,1.66022972573637E-016,1.56557724852468E-016,1.4731972137737E-016,1.38352878481342E-016,1.2969134143503E-016,1.21360751890867E-016,1.13379404964829E-016,1.05759297140496E-016,9.85070685205996E-017,9.1624844549195E-017
2.27573837434909E-017,4.53511215200285E-017,6.77301512133654E-017,8.98368961037033E-017,1.11606713038002E-016,1.32967296022624E-016,1.53838032221075E-016,1.74129307172841E-016,1.93741755880069E-016,2.12565456238104E-016,2.30479061114907E-016,2.47348865214612E-016,2.63027802693736E-016,2.61751710855374E-016,2.58577150232448E-016,2.53798447441918E-016,2.47688299122884E-016,2.40495853971335E-016,2.32445985747197E-016,2.23739432943885E-016,2.14553552457264E-016,2.05043491837722E-016,1.95343630307033E-016,1.85569174911215E-016,1.75817826784573E-016,1.661714550008E-016,1.56697733087862E-016,1.47451706960549E-016,1.38477273569214E-016,1.29808557614525E-016,1.21471179752968E-016,1.1348341423245E-016,1.05857237186695E-016,9.85992691497662E-017,9.17116169433177E-017
2.28123151438702E-017,4.54547498872829E-017,6.78764373777334E-017,9.00200040408233E-017,1.11821020973003E-016,1.33207410990701E-016,1.54098808348192E-016,1.7440586797157E-016,1.94029520888831E-016,2.12860172367398E-016,2.30776839101649E-016,2.47646221625578E-016,2.63321707961468E-016,2.62034082853446E-016,2.58847379733181E-016,2.54056237606374E-016,2.47933593351369E-016,2.40728776944273E-016,2.32666795720468E-016,2.2394848354603E-016,2.14751262431042E-016,2.05230321362662E-016,1.95520062724687E-016,1.85735702845992E-016,1.75974941807868E-016,1.66319640123768E-016,1.56837457488722E-016,1.47583422456687E-016,1.38601412433738E-016,1.29925531412743E-016,1.21581378938075E-016,1.13587208292926E-016,1.05954975181953E-016,9.86912805068047E-017,9.17982124165916E-017
2.28672911835418E-017,4.55584443639766E-017,6.80227918480195E-017,9.02031667962854E-017,1.12035357850089E-016,1.33447519644626E-016,1.54359536250492E-016,1.74682334422195E-016,1.94317143366856E-016,2.13154697579608E-016,2.31074379125598E-016,2.47943295583383E-016,2.63615289702697E-016,2.62316114541472E-016,2.59117256636977E-016,2.54313667063265E-016,2.48178522563284E-016,2.4096133399086E-016,2.32887241846572E-016,2.2415717496551E-016,2.14948620085156E-016,2.05416807266266E-016,1.95696161719336E-016,1.85901908750844E-016,1.76131747114625E-016,1.66467528519909E-016,1.56976898614183E-016,1.47714868403732E-016,1.38725295589356E-016,1.30042263318887E-016,1.21691349908954E-016,1.13690787581847E-016,1.06052511534358E-016,9.878310297232E-017,9.18846313224629E-017
2.29223118113813E-017,4.56622048358502E-017,6.81692144485035E-017,9.03863841445215E-017,1.12249723412183E-016,1.3368762171816E-016,1.54620215676641E-016,1.74958706312225E-016,1.94604623162838E-016,2.13449031804275E-016,2.3137168121342E-016,2.48240087224387E-016,2.63908548172381E-016,2.6259780624354E-016,2.5938678133111E-016,2.54570736255782E-016,2.48423087249645E-016,2.41193525641464E-016,2.33107324686696E-016,2.24365507786031E-016,2.15145626017965E-016,2.05602950154256E-016,1.9587192789746E-016,1.86067793227141E-016,1.76288243295986E-016,1.66615120765777E-016,1.57116057022574E-016,1.4784604533884E-016,1.38848923549747E-016,1.30158753821439E-016,1.21801093127686E-016,1.13794152534165E-016,1.06149846651407E-016,9.88747369263839E-017,9.19708740138983E-017
2.29773769763584E-017,4.576603118887E-017,6.83157050038561E-017,9.05696558605391E-017,1.12464117402972E-016,1.33927716945993E-016,1.5488084637637E-016,1.75234983430315E-016,1.94891960126633E-016,2.13743174972049E-016,2.31668745392765E-016,2.48536596685731E-016,2.64201483625998E-016,2.62879158284096E-016,2.59655954203042E-016,2.54827445627137E-016,2.48667287901338E-016,2.41425352426171E-016,2.33327044801613E-016,2.24573482590772E-016,2.15342280827204E-016,2.0578875063166E-016,1.96047361864791E-016,1.86233356875462E-016,1.76444430942282E-016,1.66762417437105E-016,1.57254933271413E-016,1.47976953798377E-016,1.38972296827827E-016,1.3027500340815E-016,1.21910609055668E-016,1.13897303584197E-016,1.06246980940014E-016,9.89661827485332E-017,9.2056940843383E-017
2.30324866275368E-017,4.58699233092273E-017,6.84622633391373E-017,9.07529817199202E-017,1.12678539566904E-016,1.34167805063747E-016,1.55141428100471E-016,1.75511165566261E-016,1.95179154109257E-016,2.14037127014686E-016,2.3196557169226E-016,2.48832824105336E-016,2.64494096319542E-016,2.63160170987941E-016,2.59924775640422E-016,2.55083795620565E-016,2.48911125009108E-016,2.41656814874779E-016,2.33546402751682E-016,2.24781099962383E-016,2.15538585109984E-016,2.05974209302805E-016,1.96222464226303E-016,1.86398600295594E-016,1.76600310643028E-016,1.66909419108807E-016,1.57393527917401E-016,1.48107594317911E-016,1.39095415935744E-016,1.30391012566039E-016,1.22019898153608E-016,1.14000241165616E-016,1.063439148065E-016,9.90574408177671E-017,9.21428321629177E-017
2.30876407140739E-017,4.59738810833378E-017,6.86088892797958E-017,9.09363614988192E-017,1.12892989649185E-016,1.3440788580797E-016,1.55401960600795E-016,1.75787252510999E-016,1.95466204962877E-016,2.14330887865037E-016,2.32262160141502E-016,2.49128769621899E-016,2.64786386509514E-016,2.63440844680221E-016,2.6019324603108E-016,2.55339786679312E-016,2.49154599063556E-016,2.41887913516799E-016,2.33765399096838E-016,2.24988360482977E-016,2.15734539462789E-016,2.06159326771314E-016,1.96397235586209E-016,1.86563524086524E-016,1.76755882986921E-016,1.67056126354971E-016,1.57531841516423E-016,1.48237967432212E-016,1.39218281384877E-016,1.30506781781396E-016,1.22128960881526E-016,1.14102965711453E-016,1.06440648656595E-016,9.91485115125447E-017,9.22285483240166E-017
2.31428391852201E-017,4.60779043978407E-017,6.87555826516673E-017,9.11197949739612E-017,1.13107467395776E-016,1.34647958916132E-016,1.55662443630243E-016,1.76063244056591E-016,1.95753112540807E-016,2.14624457457047E-016,2.32558510771053E-016,2.49424433374878E-016,2.65078354452919E-016,2.63721179686426E-016,2.60461365763018E-016,2.55595419246636E-016,2.49397710555135E-016,2.42118648881444E-016,2.33984034396592E-016,2.25195264734131E-016,2.15930144481469E-016,2.06344103640104E-016,1.96571676547963E-016,1.86728128846441E-016,1.76911148561837E-016,1.67202539748857E-016,1.57669874623546E-016,1.48368073675252E-016,1.39340893685831E-016,1.30622311539772E-016,1.22237797698746E-016,1.14205477654095E-016,1.06537182895433E-016,9.9239395210783E-017,9.23140896777047E-017
2.31980819903195E-017,4.61819931395985E-017,6.89023432809736E-017,9.13032819226398E-017,1.13321972553392E-016,1.34888024126622E-016,1.55922876942768E-016,1.7633913999623E-016,1.96039876697503E-016,2.14917835725745E-016,2.32854623612433E-016,2.49719815504497E-016,2.65370000407257E-016,2.6400117633238E-016,2.60729135224409E-016,2.55850693765796E-016,2.49640459974142E-016,2.4234902149763E-016,2.34202309210023E-016,2.2540181329688E-016,2.1612540076124E-016,2.06528540511382E-016,1.96745787714251E-016,1.86892415172728E-016,1.77066107954828E-016,1.67348659862899E-016,1.57807627793012E-016,1.48497913580196E-016,1.39463253348439E-016,1.30737602325981E-016,1.22346409063899E-016,1.14307777425279E-016,1.06633517927553E-016,9.93300922898541E-017,9.2399456574516E-017
2.32533690788085E-017,4.62861471956959E-017,6.90491709943213E-017,9.14868221227159E-017,1.13536504869498E-016,1.35128081178745E-016,1.56183260293366E-016,1.7661494012423E-016,1.96326497288554E-016,2.15211022607243E-016,2.33150498698115E-016,2.50014916151731E-016,2.65661324630522E-016,2.64280834944237E-016,2.60996554803591E-016,2.56105610680052E-016,2.49882847810716E-016,2.42579031893968E-016,2.34420224095779E-016,2.25608006751709E-016,2.16320308896676E-016,2.06712637986641E-016,1.9691956968699E-016,1.87056383661966E-016,1.77220761752118E-016,1.67494487268695E-016,1.5794510157824E-016,1.48627487679405E-016,1.39585360881757E-016,1.30852654624097E-016,1.22454795434918E-016,1.14409865456094E-016,1.0672965415689E-016,9.94206031265832E-017,9.24846493644908E-017
2.33087004002162E-017,4.63903664534391E-017,6.91960656187007E-017,9.16704153526154E-017,1.13751064092308E-016,1.35368129812719E-016,1.56443593438074E-016,1.76890644236022E-016,1.96612974170684E-016,2.15504018038723E-016,2.33446136061517E-016,2.50309735458304E-016,2.65952327381191E-016,2.64560155848479E-016,2.61263624889056E-016,2.56360170432655E-016,2.50124874554832E-016,2.42808680598757E-016,2.34637779612067E-016,2.25813845678558E-016,2.16514869481709E-016,2.06896396666657E-016,1.97093023067326E-016,1.87220034909923E-016,1.77375110539103E-016,1.67640022537008E-016,1.58082296531821E-016,1.48756796504432E-016,1.39707216794058E-016,1.30967468917451E-016,1.22562957269035E-016,1.14511742176976E-016,1.06825591986783E-016,9.95109280972465E-017,9.25696683971735E-017
2.3364075904164E-017,4.64946508003557E-017,6.93430269814845E-017,9.18540613913278E-017,1.1396564997078E-016,1.35608169769671E-016,1.56703876133968E-016,1.77166252128148E-016,1.96899307201739E-016,2.15796821958438E-016,2.33741535736999E-016,2.50604273566684E-016,2.66243008918224E-016,2.64839139371903E-016,2.61530345869454E-016,2.56614373466847E-016,2.50366540696299E-016,2.43037968139986E-016,2.34854976316652E-016,2.26019330656808E-016,2.16709083109624E-016,2.07079817151484E-016,1.9726614845563E-016,1.87383369511557E-016,1.77529154900345E-016,1.67785266237765E-016,1.58219213205517E-016,1.4888584058602E-016,1.39828821592839E-016,1.31082045688631E-016,1.22670895022782E-016,1.14613408017704E-016,1.06921331819963E-016,9.96010675775686E-017,9.26545140216108E-017
2.3419495540365E-017,4.65990001241933E-017,6.94900549104271E-017,9.20377600184041E-017,1.14180262254616E-016,1.35848200791635E-016,1.56964108139153E-016,1.77441763598258E-016,1.97185496240683E-016,2.16089434305704E-016,2.34036697759853E-016,2.50898530620074E-016,2.66533369501053E-016,2.65117785841624E-016,2.6179671813358E-016,2.56868220225853E-016,2.50607846724747E-016,2.43266895045326E-016,2.35071814766853E-016,2.26224462265284E-016,2.16902950373057E-016,2.07262900040456E-016,1.97438946451495E-016,1.8754638806101E-016,1.77682895419573E-016,1.67930218940052E-016,1.58355852150257E-016,1.49014620454098E-016,1.39950175784808E-016,1.31196385419474E-016,1.22778609151985E-016,1.14714863407405E-016,1.07016874058556E-016,9.96910219427208E-017,9.2739186586349E-017
2.34749592586242E-017,4.67034143129194E-017,6.96371492336627E-017,9.22215110139552E-017,1.14394900694258E-016,1.36088222621548E-016,1.57224289212766E-016,1.77717178445107E-016,1.97471541147598E-016,2.16381855020891E-016,2.343316221663E-016,2.51192506762409E-016,2.6682340938958E-016,2.65396095585064E-016,2.62062742070371E-016,2.57121711152874E-016,2.50848793129634E-016,2.43495461842125E-016,2.35288295519538E-016,2.26429241082251E-016,2.17096471863987E-016,2.07445645932177E-016,1.9761141765373E-016,1.87709091151609E-016,1.77836332679678E-016,1.68074881212114E-016,1.58492213916136E-016,1.49143136637781E-016,1.40071279875891E-016,1.31310488591071E-016,1.22886100111765E-016,1.14816108774543E-016,1.07112219104081E-016,9.97807915673189E-017,9.28236864394325E-017
2.35304670088378E-017,4.68078932547203E-017,6.97843097797047E-017,9.24053141586501E-017,1.14609565040887E-016,1.36328235003245E-016,1.57484419114966E-016,1.77992496468544E-016,1.97757441783673E-016,2.16674084045422E-016,2.34626308993484E-016,2.51486202138348E-016,2.6711312884417E-016,2.65674068929945E-016,2.62328418068905E-016,2.57374846691089E-016,2.51089380400233E-016,2.43723669057404E-016,2.35504419131119E-016,2.26633667685407E-016,2.1728964817374E-016,2.07628055424522E-016,1.97783562660365E-016,1.87871479375858E-016,1.77989467262708E-016,1.68219253621347E-016,1.58628299052412E-016,1.49271389665367E-016,1.40192134371224E-016,1.31424355683762E-016,1.22993368356535E-016,1.14917144546923E-016,1.07207367357445E-016,9.98703768254207E-017,9.2908013928401E-017
2.35860187409934E-017,4.69124368380009E-017,6.99315363774445E-017,9.25891692337142E-017,1.1482425504642E-016,1.36568237681458E-016,1.57744497606933E-016,1.78267717469516E-016,1.98043198011201E-016,2.16966121321765E-016,2.34920758279465E-016,2.51779616893268E-016,2.67402528125646E-016,2.65951706204293E-016,2.62593746518388E-016,2.5762762728364E-016,2.51329609025628E-016,2.43951517217855E-016,2.35720186157551E-016,2.26837742651879E-016,2.17482479892977E-016,2.07810129114633E-016,1.97955382068639E-016,1.88033553325438E-016,1.78142299749874E-016,1.68363336734304E-016,1.58764108107503E-016,1.49399380064333E-016,1.40312739775152E-016,1.31537987177131E-016,1.23100414339995E-016,1.15017971151687E-016,1.07302319218944E-016,9.99597780905246E-017,9.29921694002881E-017
2.36416144051691E-017,4.70170449513837E-017,7.00788288561501E-017,9.27730760209275E-017,1.15038970463505E-016,1.36808230401813E-016,1.58004524450866E-016,1.78542841250053E-016,1.98328809693572E-016,2.17257966793426E-016,2.35214970063213E-016,2.52072751173263E-016,2.67691607495285E-016,2.6622900773642E-016,2.62858727808156E-016,2.57880053373639E-016,2.51569479494715E-016,2.44179006849834E-016,2.35935597154325E-016,2.27041466558225E-016,2.17674967611698E-016,2.07991867598917E-016,1.98126876475002E-016,1.88195313591207E-016,1.78294830721536E-016,1.68507131116687E-016,1.58899641628988E-016,1.49527108361337E-016,1.40433096591229E-016,1.31651383550009E-016,1.23207238515135E-016,1.15118589015313E-016,1.0739707508826E-016,1.00048995735567E-016,9.30761532016192E-017
2.36972539515338E-017,4.71217174837083E-017,7.02261870454651E-017,9.29570343026228E-017,1.15253711045523E-016,1.37048212910826E-016,1.58264499409974E-016,1.78817867613274E-016,1.9861427669527E-016,2.17549620404948E-016,2.35508944384603E-016,2.5236560512513E-016,2.6798036721481E-016,2.66505973854931E-016,2.63123362327666E-016,2.58132125404152E-016,2.51808992296191E-016,2.44406138479357E-016,2.36150652676468E-016,2.27244839980426E-016,2.17867111919234E-016,2.0817327147304E-016,1.98298046475114E-016,1.88356760763193E-016,1.78447060757211E-016,1.68650637333343E-016,1.59034900163601E-016,1.4965457508221E-016,1.40553205322214E-016,1.31764545280468E-016,1.23313841334232E-016,1.1521899856361E-016,1.07491635364458E-016,1.00138030132922E-016,9.31599656784092E-017
2.37529373303464E-017,4.72264543240307E-017,7.03736107754077E-017,9.31410438616841E-017,1.15468476546582E-016,1.37288184955899E-016,1.58524422248475E-016,1.79092796363376E-016,1.98899598881868E-016,2.17841082101898E-016,2.35802681284409E-016,2.52658178896371E-016,2.68268807546386E-016,2.66782604888708E-016,2.63387650466493E-016,2.58383843818203E-016,2.52048147918555E-016,2.446329126321E-016,2.36365353278533E-016,2.2744786349388E-016,2.18058913404249E-016,2.08354341331927E-016,1.98468892663836E-016,1.88517895430593E-016,1.78598990435563E-016,1.6879385594827E-016,1.59169884257231E-016,1.4978178075196E-016,1.40673066470072E-016,1.31877472845822E-016,1.23420223248842E-016,1.1531920022172E-016,1.07586000445985E-016,1.00226881654396E-016,9.32436071761609E-017
2.38086644919561E-017,4.73312553616227E-017,7.05210998763696E-017,9.33251044815447E-017,1.15683266721516E-016,1.37528146285318E-016,1.58784292731594E-016,1.79367627305627E-016,1.9918477612002E-016,2.1813235183087E-016,2.36096180804298E-016,2.52950472635183E-016,2.68556928752614E-016,2.67058901166914E-016,2.63651592614322E-016,2.58635209058762E-016,2.52286946850097E-016,2.44859329833388E-016,2.36579699514603E-016,2.27650537673406E-016,2.18250372654729E-016,2.08535077769757E-016,1.98639415635235E-016,1.88678718181771E-016,1.78750620334408E-016,1.68936787524606E-016,1.59304594454919E-016,1.49908725894768E-016,1.40792680535965E-016,1.31990166722623E-016,1.23526384709808E-016,1.15419194414114E-016,1.07680170730668E-016,1.00315550671229E-016,9.3327078039863E-017
2.38644353868016E-017,4.74361204859712E-017,7.06686541791143E-017,9.35092159461859E-017,1.15898081325884E-016,1.3776809664825E-016,1.59044110625554E-016,1.79642360246371E-016,1.99469808277458E-016,2.18423429539473E-016,2.36389442986825E-016,2.53242486490452E-016,2.68844731096527E-016,2.6733486301898E-016,2.63915189160949E-016,2.58886221568749E-016,2.52525389578901E-016,2.45085390608196E-016,2.36793691938279E-016,2.27852863093234E-016,2.18441490257986E-016,2.08715481379962E-016,1.98809615982575E-016,1.88839229604257E-016,1.78901951030702E-016,1.69079432624631E-016,1.59439031300856E-016,1.50035411033983E-016,1.4091204802026E-016,1.32102627386661E-016,1.23632326167249E-016,1.1551898156459E-016,1.07774146615713E-016,1.00404037554092E-016,9.34103786139883E-017
2.39202499654112E-017,4.75410495867777E-017,7.08162735147768E-017,9.36933780401346E-017,1.16112920115963E-016,1.38008035794737E-016,1.59303875697577E-016,1.79916994993012E-016,1.99754695222986E-016,2.18714315176326E-016,2.36682467875425E-016,2.53534220611753E-016,2.69132214841585E-016,2.67610490774608E-016,2.6417844049627E-016,2.59136881791018E-016,2.52763476592837E-016,2.45311095481144E-016,2.37007331102683E-016,2.28054840327005E-016,2.18632266800652E-016,2.08895552755224E-016,1.98979494298318E-016,1.88999430284742E-016,1.79052983100549E-016,1.69221791809766E-016,1.59573195338384E-016,1.50161836692124E-016,1.41031169422518E-016,1.32214855312959E-016,1.23738048070565E-016,1.15618562096273E-016,1.07867928497703E-016,1.00492342673086E-016,9.34935092424918E-017
2.39761081784024E-017,4.76460425539575E-017,7.09639577148621E-017,9.38775905484621E-017,1.16327782848752E-016,1.38247963475699E-016,1.59563587715877E-016,1.80191531354019E-016,2.00039436826477E-016,2.19005008691057E-016,2.36975255514411E-016,2.53825675149335E-016,2.69419380251667E-016,2.67885784763757E-016,2.64441347010277E-016,2.59387190168365E-016,2.53001208379556E-016,2.45536444976494E-016,2.37220617560453E-016,2.28256469947767E-016,2.18822702868675E-016,2.09075292487469E-016,1.99149051174118E-016,1.89159320809075E-016,1.79203717119193E-016,1.69363865640568E-016,1.59707087109987E-016,1.50288003390876E-016,1.41150045241499E-016,1.32326850975776E-016,1.23843550868431E-016,1.15717936431611E-016,1.07961516772593E-016,1.00580466397737E-016,9.3576470268809E-017
2.40320099764815E-017,4.77510992776392E-017,7.11117066112439E-017,9.40618532567824E-017,1.16542669281965E-016,1.38487879442924E-016,1.59823246449657E-016,1.80465969138915E-016,2.00324032958863E-016,2.19295510034294E-016,2.37267805948965E-016,2.54116850254125E-016,2.69706227591069E-016,2.68160745316645E-016,2.64703909093058E-016,2.59637147143513E-016,2.53238585426486E-016,2.45761439618141E-016,2.37433551863735E-016,2.28457752527969E-016,2.19012799047318E-016,2.0925470116787E-016,1.99318287200824E-016,1.89318901762266E-016,1.79354153661016E-016,1.69505654676729E-016,1.59840707157298E-016,1.50413911651089E-016,1.41268675975156E-016,1.32438614848601E-016,1.23948835008797E-016,1.15817104992375E-016,1.08054911835713E-016,1.00668409096998E-016,9.36592620358542E-017
2.40879553104436E-017,4.78562196481639E-017,7.12595200361639E-017,9.42461659512504E-017,1.16757579174028E-016,1.38727783449069E-016,1.60082851669108E-016,1.80740308158276E-016,2.00608483492135E-016,2.19585819157659E-016,2.37560119225134E-016,2.54407746077718E-016,2.69992757124497E-016,2.68435372763742E-016,2.64966127134787E-016,2.59886753159114E-016,2.53475608220832E-016,2.45986079929616E-016,2.37646134564185E-016,2.28658688639464E-016,2.19202555921154E-016,2.09433779386839E-016,1.99487202968474E-016,1.89478173728476E-016,1.79504293299537E-016,1.69647159477077E-016,1.5997405602109E-016,1.50539561992778E-016,1.41387062120635E-016,1.32550147404153E-016,1.24053900938888E-016,1.15916068199656E-016,1.08148114081764E-016,1.00756171139244E-016,9.37418848860188E-017
2.4143944131172E-017,4.79614035560847E-017,7.14073978222303E-017,9.44305284185599E-017,1.16972512284083E-016,1.38967675247656E-016,1.603424031454E-016,1.81014548223725E-016,2.00892788299336E-016,2.19875936013764E-016,2.37852195389826E-016,2.54698362772368E-016,2.70278969117064E-016,2.68709667435763E-016,2.65228001525723E-016,2.6013600865774E-016,2.53712277249564E-016,2.46210366434078E-016,2.37858366212964E-016,2.28859278853498E-016,2.19391974074068E-016,2.09612527734026E-016,1.99655799066289E-016,1.89637137291022E-016,1.79654136607412E-016,1.69788380599567E-016,1.60107134241279E-016,1.50664954935116E-016,1.41505204174273E-016,1.32661449114379E-016,1.24158749105196E-016,1.16014826473864E-016,1.08241123904818E-016,1.00843752892275E-016,9.38243391611692E-017
2.41999763896383E-017,4.8066650892166E-017,7.15553398024172E-017,9.46149404459426E-017,1.17187468371977E-016,1.39207554593068E-016,1.60601900650681E-016,1.81288689147928E-016,2.01176947254556E-016,2.20165860556205E-016,2.38144034490801E-016,2.54988700490991E-016,2.7056486383428E-016,2.68983629663666E-016,2.654895326562E-016,2.60384914081884E-016,2.5394859299942E-016,2.46434299654312E-016,2.38070247360731E-016,2.29059523740714E-016,2.19581054089245E-016,2.0979094679832E-016,1.99824076082681E-016,1.89795793032371E-016,1.79803684156428E-016,1.6992931860129E-016,1.60239942356917E-016,1.50790090996438E-016,1.41623102631597E-016,1.32772520450455E-016,1.24263379953489E-016,1.16113380234729E-016,1.08333941698313E-016,1.00931154723309E-016,9.3906625202646E-017
2.42560520369018E-017,4.81719615473832E-017,7.17033458100629E-017,9.47994018211658E-017,1.17402447198266E-016,1.39447421240549E-016,1.60861343958073E-016,1.81562730744589E-016,2.01460960232927E-016,2.2045559273956E-016,2.38435636576666E-016,2.55278759387152E-016,2.70850441542055E-016,2.69257259778646E-016,2.6575072091663E-016,2.60633469873951E-016,2.541845559569E-016,2.46657880112724E-016,2.38281778557644E-016,2.29259423871145E-016,2.19769796549178E-016,2.09969037167838E-016,1.99992034605239E-016,1.89954141534138E-016,1.79952936517504E-016,1.70069974038458E-016,1.60372480906197E-016,1.50914970694236E-016,1.41740757987322E-016,1.3288336188278E-016,1.24367793928797E-016,1.16211729901292E-016,1.08426567855054E-016,1.01018376998985E-016,9.39887433512614E-017
2.43121710241096E-017,4.82773354129216E-017,7.18514156788692E-017,9.49839123325314E-017,1.1761744852421E-016,1.39687274946197E-016,1.6112073284167E-016,1.81836672828447E-016,2.01744827110617E-016,2.20745132519376E-016,2.38727001696874E-016,2.55568539615065E-016,2.71135702506687E-016,2.69530558112129E-016,2.66011566697492E-016,2.60881676476253E-016,2.54420166608259E-016,2.46881108331337E-016,2.38492960353356E-016,2.2945897981421E-016,2.19958202035655E-016,2.10146799429934E-016,2.00159675220734E-016,1.90112183377084E-016,1.80101894260687E-016,1.70210347466413E-016,1.60504750426445E-016,1.5103959454516E-016,1.41858170735348E-016,1.32993973880977E-016,1.24471991475422E-016,1.16309875891913E-016,1.08519002767211E-016,1.01105420085357E-016,9.40706939472987E-017
2.43683333024959E-017,4.83827723801759E-017,7.19995492429005E-017,9.51684717688732E-017,1.17832472111772E-016,1.39927115466961E-016,1.61380067076531E-016,1.82110515215269E-016,2.02028547764827E-016,2.21034479852172E-016,2.39018129901713E-016,2.55858041329583E-016,2.71420646994858E-016,2.69803524995769E-016,2.6627207038933E-016,2.61129534331012E-016,2.54655425439507E-016,2.4710398483179E-016,2.38703793297009E-016,2.29658192138714E-016,2.20146271129765E-016,2.10324234171186E-016,2.00326998515116E-016,1.90269919141117E-016,1.80250557955153E-016,1.70350439439622E-016,1.60636751454123E-016,1.51163963065012E-016,1.4197534136876E-016,1.33104356913891E-016,1.24575973036927E-016,1.16407818624263E-016,1.08611246826318E-016,1.01192284347897E-016,9.41524773305098E-017
2.44245388233821E-017,4.84882723407499E-017,7.21477463365823E-017,9.53530799195566E-017,1.18047517723614E-016,1.40166942560643E-016,1.61639346438678E-016,1.8238425772185E-016,2.02312122073785E-016,2.21323634695429E-016,2.39309021242304E-016,2.56147264686197E-016,2.71705275273634E-016,2.70076160761441E-016,2.66532232382749E-016,2.61377043880345E-016,2.54890332936402E-016,2.47326510135331E-016,2.38914277937233E-016,2.29857061412844E-016,2.2033400441189E-016,2.10501341977398E-016,2.00494005073507E-016,1.90427349405284E-016,1.803989281692E-016,1.70490250511672E-016,1.60768484524825E-016,1.5128807676875E-016,1.42092270379828E-016,1.33214511449588E-016,1.24679739056143E-016,1.16505558515324E-016,1.08703300423271E-016,1.0127897015149E-016,9.42340938401142E-017
2.44807875381764E-017,4.85938351864556E-017,7.22960067947003E-017,9.55377365744758E-017,1.18262585123096E-016,1.4040675598589E-016,1.61898570705091E-016,1.82657900166003E-016,2.02595549916741E-016,2.21612597007585E-016,2.39599675770593E-016,2.56436209841027E-016,2.71989587610454E-016,2.7034846574124E-016,2.66792053068409E-016,2.61624205566269E-016,2.55124889584449E-016,2.47548684762816E-016,2.39124414822142E-016,2.30055588204165E-016,2.20521402461702E-016,2.10678123433601E-016,2.00660695480207E-016,1.90584474747776E-016,1.80547005470254E-016,1.70629781235272E-016,1.60899950173274E-016,1.51411936170483E-016,1.42208958260002E-016,1.33324437955352E-016,1.24783289975161E-016,1.16603095981388E-016,1.08795163948326E-016,1.01365477860434E-016,9.43155438147973E-017
2.45370793983735E-017,4.86994608093126E-017,7.24443304523993E-017,9.57224415240528E-017,1.18477674074273E-016,1.40646555502192E-016,1.62157739653708E-016,1.82931442366558E-016,2.02878831173964E-016,2.21901366748031E-016,2.39890093539348E-016,2.56724876950821E-016,2.72273584273131E-016,2.70620440267474E-016,2.67051532837022E-016,2.61871019830694E-016,2.55359095868894E-016,2.47770509234703E-016,2.3933420449933E-016,2.30253773079617E-016,2.20708465858166E-016,2.10854579124043E-016,2.00827070318683E-016,1.9074129574592E-016,1.80694790424859E-016,1.70769032162251E-016,1.61031148933326E-016,1.51535541783469E-016,1.42325405499912E-016,1.33434136897688E-016,1.24886626235333E-016,1.16700431438058E-016,1.08886837791098E-016,1.0145180783844E-016,9.43968275927093E-017
2.45934143555545E-017,4.88051491015476E-017,7.25927171451823E-017,9.59071945592356E-017,1.18692784341893E-016,1.40886340869881E-016,1.62416853063416E-016,1.8320488414336E-016,2.03161965726733E-016,2.22189943877107E-016,2.40180274602154E-016,2.57013266172944E-016,2.7255726552984E-016,2.70892084672657E-016,2.67310672079346E-016,2.62117487115414E-016,2.5559295227472E-016,2.47991984071053E-016,2.39543647515871E-016,2.30451616605516E-016,2.2089519517953E-016,2.11030709632194E-016,2.00993130171575E-016,1.9089781297618E-016,1.80842283598682E-016,1.70908003843554E-016,1.61162081337962E-016,1.51658894120117E-016,1.42441612589369E-016,1.33543608742313E-016,1.24989748277272E-016,1.1679756530024E-016,1.08978322340561E-016,1.01537960448627E-016,9.44779455114634E-017
2.46497923613863E-017,4.89108999555937E-017,7.27411667089093E-017,9.60919954714965E-017,1.18907915691397E-016,1.41126111850126E-016,1.62675910714052E-016,1.83478225317259E-016,2.03444953457337E-016,2.22478328356094E-016,2.40470219013405E-016,2.57301377665379E-016,2.7284063164912E-016,2.71163399289509E-016,2.67569471186182E-016,2.62363607862111E-016,2.55826459286644E-016,2.4821310979152E-016,2.39752744418312E-016,2.30649119347544E-016,2.21081591003329E-016,2.11206515540738E-016,2.01158875620686E-016,1.91054027014158E-016,1.80989485556506E-016,1.71046696829244E-016,1.6129274791929E-016,1.51781993691982E-016,1.4255758001736E-016,1.33652853954163E-016,1.25092656540847E-016,1.1689449798215E-016,1.09069617985045E-016,1.01623936053523E-016,9.45588979081345E-017
2.47062133676218E-017,4.901671326409E-017,7.28896789797962E-017,9.62768440528307E-017,1.19123067888911E-016,1.41365868204931E-016,1.62934912386395E-016,1.83751465710108E-016,2.03727794249066E-016,2.2276652014721E-016,2.40759926828301E-016,2.57589211586718E-016,2.73123682899868E-016,2.71434384450948E-016,2.67827930548369E-016,2.62609382512346E-016,2.56059617389115E-016,2.48433886915354E-016,2.39961495752671E-016,2.30846281870753E-016,2.21267653906377E-016,2.11381997431575E-016,2.01324307246989E-016,1.91209938434585E-016,1.81136396862233E-016,1.71185111668498E-016,1.61423149208545E-016,1.51904841009767E-016,1.42673308272049E-016,1.33761872997387E-016,1.25195351465188E-016,1.16991229897307E-016,1.09160725112234E-016,1.01709735015067E-016,9.46396851192581E-017
2.47626773260994E-017,4.91225889198806E-017,7.30382537944138E-017,9.64617400957544E-017,1.1933824070125E-016,1.4160560969713E-016,1.63193857862167E-016,1.84024605144763E-016,2.04010487986209E-016,2.23054519213604E-016,2.41049398102842E-016,2.57876768096158E-016,2.73406419551328E-016,2.71705040490089E-016,2.68086050556779E-016,2.62854811507554E-016,2.56292427066308E-016,2.48654315961392E-016,2.40169902064436E-016,2.3104310473956E-016,2.21453384464769E-016,2.11557155885818E-016,2.01489425630617E-016,1.91365547811325E-016,1.81283018078877E-016,1.71323248909606E-016,1.61553285736082E-016,1.52027436583317E-016,1.42788797840776E-016,1.33870666335345E-016,1.25297833488677E-016,1.17087761458534E-016,1.09251644109167E-016,1.01795357694599E-016,9.47203074808285E-017
2.48191841887427E-017,4.92285268160146E-017,7.3186890989687E-017,9.66466833933036E-017,1.19553433895912E-016,1.4184533609039E-016,1.63452746924025E-016,1.84297643445071E-016,2.0429303455405E-016,2.23342325519356E-016,2.41338632893823E-016,2.58164047353496E-016,2.73688841873096E-016,2.71975367740233E-016,2.68343831602316E-016,2.63099895289045E-016,2.56524888802118E-016,2.48874397448059E-016,2.4037796389856E-016,2.31239588517743E-016,2.21638783253875E-016,2.11731991483787E-016,2.01654231350865E-016,1.91520855717373E-016,1.8142934976857E-016,1.7146110909997E-016,1.61683158031382E-016,1.52149780921623E-016,1.42904049210053E-016,1.33979234430609E-016,1.25400103048954E-016,1.17184093077954E-016,1.09342375362236E-016,1.01880804452866E-016,9.48007653282981E-017
2.48757339075604E-017,4.93345268457449E-017,7.33355904028932E-017,9.68316737390321E-017,1.19768647241077E-016,1.42085047149199E-016,1.63711579355562E-016,1.84570580435873E-016,2.04575433838859E-016,2.23629939029463E-016,2.41627631258828E-016,2.58451049519124E-016,2.73970950135109E-016,2.72245366534871E-016,2.68601274075907E-016,2.63344634297995E-016,2.56757003080163E-016,2.49094131893364E-016,2.40585681799457E-016,2.31435733768438E-016,2.21823850848342E-016,2.11906504805014E-016,2.01818724986187E-016,1.91675862724849E-016,1.81575392492552E-016,1.71598692786102E-016,1.61812766623045E-016,1.52271874532818E-016,1.43019062865566E-016,1.34087577744963E-016,1.2550216058291E-016,1.17280225166994E-016,1.09432919257183E-016,1.0196607565002E-016,9.48810589965756E-017
2.49323264346458E-017,4.94405889025279E-017,7.34843518716618E-017,9.70167109270101E-017,1.19983880505605E-016,1.42324742638871E-016,1.63970354941298E-016,1.84843415942994E-016,2.04857685727891E-016,2.23917359709841E-016,2.41916393256227E-016,2.58737774754024E-016,2.74252744607641E-016,2.72515037207673E-016,2.688583783685E-016,2.63589028975445E-016,2.56988770383775E-016,2.49313519814894E-016,2.40793056311002E-016,2.3163154105414E-016,2.22008587822087E-016,2.12080696428234E-016,2.01982907114197E-016,1.91830569405002E-016,1.81721146811176E-016,1.71736000513623E-016,1.61942112038791E-016,1.52393717924175E-016,1.43133839292172E-016,1.34195696739399E-016,1.25604006526689E-016,1.1737615813638E-016,1.09523276179102E-016,1.02051171645614E-016,9.49611888200251E-017
2.49889617221769E-017,4.95467128800229E-017,7.36331752339729E-017,9.72017947518225E-017,1.20199133459031E-016,1.4256442232554E-016,1.64229073466682E-016,1.85116149793245E-016,2.05139790109382E-016,2.2420458752732E-016,2.42204918945168E-016,2.59024223219762E-016,2.745342255613E-016,2.72784380092487E-016,2.69115144871062E-016,2.63833079762295E-016,2.57220191195998E-016,2.49532561729813E-016,2.41000087976527E-016,2.31827010936697E-016,2.22192994748297E-016,2.12254566931385E-016,2.02146778311661E-016,1.91984976328204E-016,1.81866613283904E-016,1.71873032827261E-016,1.6207119480546E-016,1.52515311602109E-016,1.43248378973898E-016,1.34303591874116E-016,1.25705641315688E-016,1.17471892396136E-016,1.09613446512435E-016,1.02136092798602E-016,9.50411551324648E-017
2.50456397224158E-017,4.96528986720916E-017,7.37820603281565E-017,9.73869250085678E-017,1.20414405871569E-016,1.42804085976156E-016,1.64487734718084E-016,1.85388781814411E-016,2.0542174687254E-016,2.24491622449633E-016,2.42493208385574E-016,2.59310395078484E-016,2.74815393267023E-016,2.73053395523331E-016,2.69371573974572E-016,2.64076787099304E-016,2.57451265999586E-016,2.49751258154859E-016,2.41206777338817E-016,2.32022143977308E-016,2.22377072199428E-016,2.12428116891611E-016,2.02310339154502E-016,1.92139084063952E-016,1.82011792469304E-016,1.72009790270853E-016,1.62200015449007E-016,1.52636656072172E-016,1.43362682393943E-016,1.34411263608521E-016,1.25807065384552E-016,1.17567428355584E-016,1.09703430640974E-016,1.02220839467339E-016,9.51209582671657E-017
2.51023603877088E-017,4.97591461727973E-017,7.3931006992891E-017,9.75721014928558E-017,1.20629697514104E-016,1.43043733358485E-016,1.64746338482794E-016,1.85661311835254E-016,2.05703555907545E-016,2.24778464445418E-016,2.42781261638139E-016,2.59596290492913E-016,2.75096247996071E-016,2.73322083834395E-016,2.69627666070016E-016,2.6432015142708E-016,2.57681995276995E-016,2.4996960960634E-016,2.41413124940109E-016,2.32216940736522E-016,2.22560820747199E-016,2.12601346885252E-016,2.02473590217794E-016,1.92292893180862E-016,1.82156684925053E-016,1.72146273387338E-016,1.62328574494504E-016,1.52757751839055E-016,1.4347675003467E-016,1.34518712401228E-016,1.25908279167176E-016,1.17662766423343E-016,1.09793228947854E-016,1.02305412009579E-016,9.52005985568506E-017
2.5159123670486E-017,4.98654552764045E-017,7.40800150672029E-017,9.77573240008064E-017,1.20845008158191E-016,1.43283364241102E-016,1.65004884549017E-016,1.85933739685506E-016,2.05985217105542E-016,2.25065113484208E-016,2.43069078764317E-016,2.5988190962634E-016,2.75376790020026E-016,2.73590445360031E-016,2.69883421548387E-016,2.64563173186084E-016,2.57912379510386E-016,2.50187616600132E-016,2.41619131322085E-016,2.32411401774235E-016,2.22744240962594E-016,2.12774257487847E-016,2.02636532075763E-016,1.92446404246672E-016,1.8230129120793E-016,1.72282482718761E-016,1.62456872466139E-016,1.52878599406585E-016,1.43590582377612E-016,1.34625938710053E-016,1.26009283096703E-016,1.17757907007328E-016,1.09882841815559E-016,1.02389810782473E-016,9.5280076333693E-017
2.52159295232606E-017,4.99718258773781E-017,7.42290843904651E-017,9.79425923290483E-017,1.21060337576054E-016,1.43522978393393E-016,1.6526337270587E-016,1.86206065195864E-016,2.06266730358635E-016,2.2535156953643E-016,2.43356659826327E-016,2.60167252642622E-016,2.75657019610783E-016,2.73858480434749E-016,2.70138840800677E-016,2.64805852816619E-016,2.58142419181617E-016,2.50405279651673E-016,2.41824797025878E-016,2.32605527649686E-016,2.22927333415856E-016,2.12946849274132E-016,2.02799165301783E-016,1.92599617828238E-016,1.82445611873821E-016,1.72418418806269E-016,1.62584909887213E-016,1.52999199277725E-016,1.43704179903468E-016,1.34732942992018E-016,1.26110077605524E-016,1.17852850514747E-016,1.09972269625919E-016,1.02474036142569E-016,9.53593919293158E-017
2.52727778986297E-017,5.00782578703832E-017,7.43782148023961E-017,9.8127906274717E-017,1.21275685540586E-016,1.43762575585549E-016,1.6552180274338E-016,1.86478288197988E-016,2.06548095559886E-016,2.25637832573397E-016,2.43644004887137E-016,2.60452319706177E-016,2.75936937040551E-016,2.74126189393216E-016,2.70393924217877E-016,2.65048190758829E-016,2.5837211477224E-016,2.50622599275964E-016,2.42030122592058E-016,2.32799318921455E-016,2.2311009867649E-016,2.13119122818037E-016,2.02961490468374E-016,1.92752534491533E-016,1.82589647477712E-016,1.7255408219011E-016,1.62712687280141E-016,1.53119551954573E-016,1.43817543092102E-016,1.34839725703349E-016,1.26210663125276E-016,1.17947597352103E-016,1.10061512760103E-016,1.02558088445813E-016,9.54385456747904E-017
2.53296687492729E-017,5.01847511502842E-017,7.45274061430593E-017,9.83132656354536E-017,1.2149105182534E-016,1.44002155588565E-016,1.65780174452478E-016,1.86750408524493E-016,2.06829312603311E-016,2.25923902567305E-016,2.43931114010469E-016,2.60737110981977E-016,2.76216542581843E-016,2.74393572570252E-016,2.70648672190968E-016,2.652901874527E-016,2.586014667635E-016,2.50839575987563E-016,2.42235108560639E-016,2.32992776147463E-016,2.23292537313256E-016,2.13291078692684E-016,2.03123508147205E-016,1.92905154801646E-016,1.82733398573691E-016,1.72689473409633E-016,1.62840205166448E-016,1.5323965793836E-016,1.43930672422542E-016,1.34946287299471E-016,1.2631104008684E-016,1.18042147925191E-016,1.10150571598629E-016,1.02641968047542E-016,9.55175379006358E-017
2.5386602027953E-017,5.02913056121442E-017,7.46766582528616E-017,9.8498670209403E-017,1.21706436204535E-016,1.44241718174233E-016,1.66038487624997E-016,1.87022426008951E-016,2.07110381383867E-016,2.26209779491227E-016,2.44217987260786E-016,2.61021626635548E-016,2.76495836507476E-016,2.7466063030082E-016,2.70903085110921E-016,2.65531843338047E-016,2.58830475636329E-016,2.51056210300584E-016,2.4243975547107E-016,2.33185899884968E-016,2.23474649894167E-016,2.13462717470386E-016,2.03285218909086E-016,1.93057479322782E-016,1.82876865714946E-016,1.72824593003286E-016,1.62967464066771E-016,1.53359517729451E-016,1.44043568372979E-016,1.35052628235012E-016,1.26411208920343E-016,1.18136502639099E-016,1.10239446521352E-016,1.0272567530249E-016,9.55963689368171E-017
2.5443577687515E-017,5.03979211512249E-017,7.48259709725527E-017,9.86841197952125E-017,1.21921838453047E-016,1.44481263115146E-016,1.6629674205367E-016,1.87294340485883E-016,2.0739130179746E-016,2.26495463319109E-016,2.44504624703292E-016,2.6130586683296E-016,2.76774819090563E-016,2.74927362920029E-016,2.71157163368692E-016,2.65773158854519E-016,2.59059141871346E-016,2.51272502728692E-016,2.42644063862237E-016,2.33378690690563E-016,2.23656436986492E-016,2.13634039722645E-016,2.03446623323971E-016,1.93209508618255E-016,1.83020049453764E-016,1.72959441508617E-016,1.63094464500858E-016,1.53479131827341E-016,1.44156231420768E-016,1.351587489638E-016,1.26511170055154E-016,1.18230661898204E-016,1.10328137907471E-016,1.02809210564782E-016,9.56750391127451E-017
2.55005956808865E-017,5.05045976629852E-017,7.49753441432238E-017,9.88696141920304E-017,1.22137258346412E-016,1.44720790184691E-016,1.66554937532121E-016,1.87566151790753E-016,2.07672073740931E-016,2.26780954025767E-016,2.44791026403927E-016,2.61589831740824E-016,2.77053490604513E-016,2.75193770763125E-016,2.71410907355218E-016,2.66014134441591E-016,2.59287465948848E-016,2.51488453785102E-016,2.42848034272457E-016,2.33571149120171E-016,2.23837899156749E-016,2.13805046020149E-016,2.03607721960957E-016,1.93361243250496E-016,1.83162950341529E-016,1.73094019462269E-016,1.63221206987564E-016,1.53598500730658E-016,1.44268662042425E-016,1.35264649938863E-016,1.26610923919887E-016,1.18324626106175E-016,1.10416646135524E-016,1.02892574187937E-016,9.57535487572749E-017
2.55576559610769E-017,5.06113350430816E-017,7.5124777606307E-017,9.90551531995041E-017,1.22352695660821E-016,1.44960299157044E-016,1.66813073854869E-016,1.8783785975997E-016,2.07952697112055E-016,2.27066251586877E-016,2.4507719242936E-016,2.6187352152629E-016,2.77331851323022E-016,2.75459854165489E-016,2.71664317461413E-016,2.6625477053856E-016,2.59515448348815E-016,2.51704063982576E-016,2.43051667239477E-016,2.33763275729048E-016,2.24019036970705E-016,2.13975736932774E-016,2.03768515388278E-016,1.93512683781043E-016,1.83305568928723E-016,1.73228327399983E-016,1.63347692044852E-016,1.53717624937159E-016,1.44380860713627E-016,1.35370331612426E-016,1.26710470942396E-016,1.18418395665968E-016,1.10504971583388E-016,1.02975766524864E-016,9.58318981987051E-017
2.56147584811778E-017,5.07181331873668E-017,7.52742712035738E-017,9.92407366177792E-017,1.22568150173119E-016,1.45199789807174E-016,1.6707115081732E-016,1.8810946423088E-016,2.08233171809538E-016,2.27351355978975E-016,2.45363122846985E-016,2.62156936357038E-016,2.77609901520072E-016,2.75725613462633E-016,2.71917394078165E-016,2.66495067584546E-016,2.597430895509E-016,2.51919333833418E-016,2.43254963300471E-016,2.33955071071777E-016,2.24199850993375E-016,2.14146113029577E-016,2.03929004173308E-016,1.93663830770544E-016,1.83447905764923E-016,1.73362365856594E-016,1.63473920189795E-016,1.53836504943731E-016,1.4449282790921E-016,1.35475794435915E-016,1.26809811549776E-016,1.18511970979831E-016,1.1059311462828E-016,1.03058787927861E-016,9.59100877647771E-017
2.56719031943619E-017,5.08249919918898E-017,7.54238247771347E-017,9.94263642474972E-017,1.227836216608E-016,1.45439261910833E-016,1.67329168215764E-016,1.8838096504176E-016,2.08513497733007E-016,2.27636267179453E-016,2.45648817724916E-016,2.62440076401278E-016,2.77887641469927E-016,2.75991048990196E-016,2.72170137596331E-016,2.66735026018483E-016,2.59970390034427E-016,2.52134263849474E-016,2.43457922992038E-016,2.34146535702268E-016,2.24380341789018E-016,2.14316174878801E-016,2.04089188882557E-016,1.93814684778757E-016,1.835899613988E-016,1.73496135366032E-016,1.6359989193857E-016,1.53955141246388E-016,1.44604564103171E-016,1.3558103885995E-016,1.26908946168363E-016,1.18605352449294E-016,1.10681075646753E-016,1.03141638748617E-016,9.59881177826737E-017
2.57290900538838E-017,5.09319113528948E-017,7.55734381694377E-017,9.96120358897949E-017,1.22999109902012E-016,1.45678715244558E-016,1.67587125847372E-016,1.88652362031821E-016,2.08793674783015E-016,2.27920985166549E-016,2.45934277131983E-016,2.6272294182774E-016,2.78165071447126E-016,2.76256161083939E-016,2.72422548406733E-016,2.6697464627912E-016,2.60197350278392E-016,2.52348854542127E-016,2.43660546850199E-016,2.34337670173754E-016,2.24560509921137E-016,2.14485923047866E-016,2.04249070081672E-016,1.93965246364544E-016,1.83731736378118E-016,1.73629636461322E-016,1.63725607806459E-016,1.54073534340275E-016,1.44716069768666E-016,1.35686065334349E-016,1.27007875223734E-016,1.18698540475181E-016,1.10768855014698E-016,1.03224319338209E-016,9.60659885790189E-017
2.57863190130787E-017,5.10388911668211E-017,7.57231112232677E-017,9.97977513463021E-017,1.23214614675546E-016,1.45918149585668E-016,1.67845023510195E-016,1.88923655041197E-016,2.09073702861027E-016,2.28205509919347E-016,2.46219501137728E-016,2.63005532805675E-016,2.78442191726482E-016,2.7652095007974E-016,2.72674626900158E-016,2.67213928805013E-016,2.60423970761456E-016,2.52563106422297E-016,2.43862835410396E-016,2.34528475038789E-016,2.24740355952475E-016,2.14655358103373E-016,2.04408648335433E-016,1.94115516085876E-016,1.83873231249735E-016,1.73762869674579E-016,1.63851068307851E-016,1.54191684719661E-016,1.44827345378006E-016,1.35790874308125E-016,1.27106599140703E-016,1.18791535457596E-016,1.10856453107341E-016,1.03306830047102E-016,9.61437004798764E-017
2.5843590025363E-017,5.11459313303022E-017,7.58728437817454E-017,9.99835104191407E-017,1.23430135760842E-016,1.46157564712259E-016,1.68102861003157E-016,1.89194843910944E-016,2.09353581869421E-016,2.28489841417771E-016,2.46504489812398E-016,2.63287849504847E-016,2.78719002583075E-016,2.76785416313595E-016,2.7292637346735E-016,2.67452874034527E-016,2.60650251961942E-016,2.52777020000435E-016,2.44064789207487E-016,2.34718950849248E-016,2.24919880445018E-016,2.14824480611102E-016,2.04567924207754E-016,1.94265494499826E-016,1.84014446559599E-016,1.73895835537012E-016,1.63976273956238E-016,1.54309592877943E-016,1.44938391402664E-016,1.35895466229488E-016,1.27205118343323E-016,1.18884337795931E-016,1.10943870299247E-016,1.03389171225148E-016,9.62212538107494E-017
2.59009030442337E-017,5.12530317401654E-017,7.60226356883261E-017,1.00169312910923E-016,1.23645672937979E-016,1.46396960403201E-016,1.68360638126052E-016,1.89465928483038E-016,2.09633311711483E-016,2.28773979642582E-016,2.46789243226942E-016,2.6356989209553E-016,2.7899550429225E-016,2.77049560121609E-016,2.73177788499007E-016,2.67691482405829E-016,2.60876194357835E-016,2.52990595786521E-016,2.44266408775747E-016,2.34909098156323E-016,2.25099083959987E-016,2.14993291136006E-016,2.04726898261681E-016,1.94415182162573E-016,1.8415538285275E-016,1.7402853457892E-016,1.64101225264215E-016,1.54427259307643E-016,1.45049208313265E-016,1.3599984154584E-016,1.27303433254886E-016,1.18976947888865E-016,1.1103110696431E-016,1.03471343221585E-016,9.62986488965792E-017
2.59582580232682E-017,5.13601922934313E-017,7.61724867867993E-017,1.00355158624749E-016,1.2386122598768E-016,1.46636336438139E-016,1.68618354679545E-016,1.89736908600367E-016,2.09912892291403E-016,2.29057924575367E-016,2.47073761453006E-016,2.63851660748502E-016,2.79271697129613E-016,2.77313381839993E-016,2.7342887238578E-016,2.67929754356885E-016,2.61101798426775E-016,2.53203834290066E-016,2.44467694648862E-016,2.35098917510523E-016,2.25277967057841E-016,2.15161790242216E-016,2.04885571059389E-016,1.94564579629397E-016,1.84296040673317E-016,1.74160967329694E-016,1.6422592274348E-016,1.5454468450041E-016,1.45159796579593E-016,1.36104000703779E-016,1.27401544297918E-016,1.19069366134357E-016,1.11118163475763E-016,1.03553346385037E-016,9.63758860617451E-017
2.6015654916124E-017,5.14674128873131E-017,7.6322396921287E-017,1.00541047364209E-016,1.24076794691308E-016,1.46875692597487E-016,1.68876010465163E-016,1.90007784106732E-016,2.10192323514267E-016,2.29341676198545E-016,2.47358044562929E-016,2.64133155635042E-016,2.79547581371026E-016,2.77576881805064E-016,2.73679625518267E-016,2.68167690325459E-016,2.61327064646058E-016,2.53416736020102E-016,2.44668647359931E-016,2.35288409461668E-016,2.25456530298272E-016,2.15329978493036E-016,2.05043943162185E-016,1.94713687454681E-016,1.84436420564519E-016,1.74293134317812E-016,1.64350366904833E-016,1.54661868947016E-016,1.45270156670588E-016,1.36207944149095E-016,1.27499451894184E-016,1.19161592929652E-016,1.11205040206169E-016,1.03635181063512E-016,9.64529656300629E-017
2.60730936765387E-017,5.15746934192163E-017,7.64723659362435E-017,1.00726978933376E-016,1.24292378830859E-016,1.47115028662427E-016,1.69133605285296E-016,1.90278554846837E-016,2.10471605286058E-016,2.29625234495353E-016,2.47642092629737E-016,2.64414376926925E-016,2.79823157292602E-016,2.77840060353235E-016,2.73930048287011E-016,2.68405290749108E-016,2.6155199349263E-016,2.53629301485185E-016,2.44869267441459E-016,2.35477574558894E-016,2.25634774240207E-016,2.15497856450939E-016,2.05202015130502E-016,1.94862506191909E-016,1.84576523068662E-016,1.74425036070843E-016,1.64474558258175E-016,1.54778813137355E-016,1.45380289054341E-016,1.3631167232677E-016,1.27597156464684E-016,1.19253628671279E-016,1.11291737527428E-016,1.03716847604403E-016,9.6529887924785E-017
2.61305742583295E-017,5.16820337867377E-017,7.6622393676454E-017,1.0091295313681E-016,1.24507978188968E-016,1.47354344414905E-016,1.69391138943191E-016,1.90549220666292E-016,2.10750737513649E-016,2.29908599449847E-016,2.4792590572714E-016,2.64695324796418E-016,2.80098425170703E-016,2.78102917821016E-016,2.74180141082493E-016,2.68642556065178E-016,2.61776585443086E-016,2.5384153119339E-016,2.4506955542536E-016,2.35666413350643E-016,2.25812699441804E-016,2.15665424677572E-016,2.05359787523901E-016,1.95011036393662E-016,1.84716348727138E-016,1.74556673115442E-016,1.6459849731251E-016,1.54895517560449E-016,1.45490194198103E-016,1.36415185680982E-016,1.27694658429655E-016,1.19345473755048E-016,1.11378255810767E-016,1.03798346354486E-016,9.66066532685989E-017
2.61880966153931E-017,5.17894338876656E-017,7.67724799870335E-017,1.01098969779552E-016,1.24723592548901E-016,1.47593639637629E-016,1.6964861124295E-016,1.90819781411604E-016,2.11029720104799E-016,2.30191771046894E-016,2.48209483929525E-016,2.64975999416275E-016,2.80373385281936E-016,2.78365454545011E-016,2.74429904295136E-016,2.68879486710801E-016,2.62000840973667E-016,2.54053425652309E-016,2.45269511842949E-016,2.35854926384668E-016,2.2599030646045E-016,2.15832683733751E-016,2.05517260901069E-016,1.95159278611624E-016,1.8485589808043E-016,1.74688045977355E-016,1.64722184575938E-016,1.5501198270444E-016,1.45599872568275E-016,1.36518484655096E-016,1.27791958208567E-016,1.1943712857605E-016,1.11464595426748E-016,1.0387967765992E-016,9.66832619836273E-017
2.62456607017055E-017,5.18968936199784E-017,7.69226247134264E-017,1.01285028667127E-016,1.24939221694555E-016,1.47832914114067E-016,1.69906021989527E-016,1.91090236930176E-016,2.11308552968149E-016,2.30474749272172E-016,2.48492827311954E-016,2.65256400959734E-016,2.80648037903148E-016,2.78627670861908E-016,2.74679338315292E-016,2.69116083122896E-016,2.62224760560255E-016,2.5426498536905E-016,2.45469137224946E-016,2.36043114208026E-016,2.26167595852761E-016,2.15999634179459E-016,2.05674435819819E-016,1.95307233396573E-016,1.84995171668102E-016,1.74819155181411E-016,1.64845620555663E-016,1.55128209056592E-016,1.45709324630412E-016,1.36621569691672E-016,1.27889056220124E-016,1.19528593528659E-016,1.11550756745264E-016,1.03960841866248E-016,9.67597143914266E-017
2.63032664713218E-017,5.20044128818447E-017,7.70728277014052E-017,1.01471129605538E-016,1.25154865410457E-016,1.48072167628444E-016,1.70163370988725E-016,1.91360587070301E-016,2.11587236013219E-016,2.3075753411216E-016,2.4877593595016E-016,2.6553652960051E-016,2.80922383311423E-016,2.78889567108483E-016,2.74928443533246E-016,2.6935234573816E-016,2.62448344678375E-016,2.54476210850231E-016,2.45668432101469E-016,2.3623097736708E-016,2.2634456817458E-016,2.16166276573846E-016,2.05831312837086E-016,1.95454901298388E-016,1.85134170028806E-016,1.74950001251528E-016,1.64968805757985E-016,1.55244197103293E-016,1.45818550849223E-016,1.36724441232459E-016,1.27985952882266E-016,1.1961986900653E-016,1.11636740135538E-016,1.04041839318391E-016,9.68360108129872E-017
2.63609138783758E-017,5.21119915716226E-017,7.72230887970695E-017,1.01657272401268E-016,1.25370523481758E-016,1.48311399965738E-016,1.7042065804719E-016,1.91630831681162E-016,2.118657691504E-016,2.31040125554138E-016,2.49058809920541E-016,2.65816385512793E-016,2.81196421784076E-016,2.79151143621589E-016,2.75177220339211E-016,2.69588274993068E-016,2.62671593803186E-016,2.54687102601981E-016,2.45867397002034E-016,2.36418516407494E-016,2.26521223980974E-016,2.16332611475228E-016,2.05987892508929E-016,1.95602282866041E-016,1.85272893700277E-016,1.75080584710708E-016,1.65091740688305E-016,1.5535994733005E-016,1.4592755168857E-016,1.36827099718397E-016,1.28082648612165E-016,1.19710955402597E-016,1.11722545966121E-016,1.04122670360655E-016,9.6912151568732E-017
2.641860287708E-017,5.2219629587859E-017,7.73734078468452E-017,1.01843456861276E-016,1.25586195694238E-016,1.4855061091168E-016,1.70677882972413E-016,1.91900970612824E-016,2.12144152290954E-016,2.3132252358618E-016,2.49341449300153E-016,2.66095968871245E-016,2.81470153598652E-016,2.79412400738161E-016,2.7542566912332E-016,2.69823871323869E-016,2.62894508409484E-016,2.54897661129937E-016,2.46066032455553E-016,2.36605731874237E-016,2.26697563826235E-016,2.16498639441085E-016,2.06144175390529E-016,1.95749378647601E-016,1.85411343219334E-016,1.75210906081041E-016,1.65214425851121E-016,1.55475460221494E-016,1.46036327611466E-016,1.36929545589615E-016,1.28179143826227E-016,1.19801853109076E-016,1.11808174604898E-016,1.04203335336724E-016,9.69881369785166E-017
2.6476333421725E-017,5.23273268292892E-017,7.75237846974838E-017,1.02029682792999E-016,1.25801881834296E-016,1.4878980025275E-016,1.7093504557272E-016,1.92171003716233E-016,2.12422385347008E-016,2.31604728197153E-016,2.49623854166712E-016,2.66375279850993E-016,2.81743579032921E-016,2.79673338795202E-016,2.75673790275631E-016,2.70059135166586E-016,2.63117088971695E-016,2.55107886939239E-016,2.46264338990332E-016,2.36792624311573E-016,2.26873588263879E-016,2.16664361028061E-016,2.06300162036189E-016,1.95896189190233E-016,1.85549519121881E-016,1.75340965883699E-016,1.65336861750028E-016,1.55590736261374E-016,1.46144879080077E-016,1.37031779285435E-016,1.2827543894009E-016,1.19892562517462E-016,1.11893626419079E-016,1.04283834589663E-016,9.70639673616281E-017
2.65341054666798E-017,5.24350831948365E-017,7.76742191960609E-017,1.02215950004347E-016,1.26017581688955E-016,1.49028967776172E-016,1.71192145657276E-016,1.92440930843211E-016,2.12700468231552E-016,2.31886739376709E-016,2.49906024598585E-016,2.66654318627623E-016,2.82016698364874E-016,2.7993395812979E-016,2.75921584186114E-016,2.70294066957006E-016,2.63339335963875E-016,2.55317780534533E-016,2.46462317134068E-016,2.36979194263065E-016,2.27049297846641E-016,2.16829776791962E-016,2.06455852999331E-016,1.96042715040193E-016,1.85687421942902E-016,1.75470764638938E-016,1.6545904888772E-016,1.5570577593256E-016,1.46253206555718E-016,1.37133801244364E-016,1.28371534368625E-016,1.19983084018527E-016,1.11978901775204E-016,1.04364168461918E-016,9.71396430367849E-017
2.65919189663913E-017,5.25428985836115E-017,7.78247111899757E-017,1.02402258303703E-016,1.26233295045856E-016,1.49268113269917E-016,1.71449183036076E-016,1.92710751846452E-016,2.12978400858432E-016,2.3216855711528E-016,2.50187960674784E-016,2.66933085377183E-016,2.82289511872721E-016,2.80194259079066E-016,2.76169051244656E-016,2.70528667130687E-016,2.63561249859706E-016,2.55527342419963E-016,2.46659967413849E-016,2.37165442271573E-016,2.27224693126475E-016,2.16994887287755E-016,2.06611248832495E-016,1.96188956742834E-016,1.85825052216465E-016,1.75600302866101E-016,1.65580987765986E-016,1.55820579717044E-016,1.4636131049886E-016,1.37235611904101E-016,1.28467430525934E-016,1.20073418002324E-016,1.12064001039143E-016,1.04444337295313E-016,9.72151643221362E-017
2.66497738753839E-017,5.26507728949114E-017,7.79752605269504E-017,1.02588607499922E-016,1.26449021693256E-016,1.49507236522696E-016,1.71706157519946E-016,1.92980466579523E-016,2.13256183142345E-016,2.32450181404079E-016,2.50469662474969E-016,2.67211580276172E-016,2.82562019834882E-016,2.80454241980235E-016,2.76416191841054E-016,2.70762936122944E-016,2.63782831132496E-016,2.55736573099172E-016,2.46857290356149E-016,2.3735136887925E-016,2.27399774654556E-016,2.17159693069565E-016,2.06766350087342E-016,1.96334914842598E-016,1.85962410475717E-016,1.7572958108361E-016,1.65702678885715E-016,1.55935148095936E-016,1.4646919136912E-016,1.37337211701532E-016,1.28563127825353E-016,1.20163564858186E-016,1.12148924576091E-016,1.0452434143105E-016,9.72905315352612E-017
2.67076701482597E-017,5.27587060282201E-017,7.81258670550283E-017,1.02774997402331E-016,1.26664761420028E-016,1.49746337323957E-016,1.71963068920537E-016,1.93250074896851E-016,2.13533814998841E-016,2.32731612235092E-016,2.50751130079436E-016,2.67489803501538E-016,2.8283422252999E-016,2.80713907170562E-016,2.76663006365012E-016,2.70996874368856E-016,2.64004080255172E-016,2.55945473075298E-016,2.47054286486829E-016,2.37536974627542E-016,2.27574542981276E-016,2.1732419469068E-016,2.06921157314649E-016,1.96480589883022E-016,1.8609949725289E-016,1.75858599808973E-016,1.65824122746889E-016,1.56049481549464E-016,1.46576849625268E-016,1.37438601072734E-016,1.28658626679446E-016,1.2025352497472E-016,1.12233672750572E-016,1.0460418120971E-016,9.73657449931689E-017
2.67656077396979E-017,5.28666978832069E-017,7.82765306225738E-017,1.02961427820722E-016,1.26880514015657E-016,1.49985415463887E-016,1.72219917050324E-016,1.93519576653728E-016,2.13811296344313E-016,2.33012849601072E-016,2.51032363569116E-016,2.67767755230676E-016,2.83106120236885E-016,2.80973254987366E-016,2.76909495206138E-016,2.71230482303257E-016,2.6422499770028E-016,2.56154042850974E-016,2.47250956331135E-016,2.37722260057189E-016,2.27748998656239E-016,2.17488392703542E-016,2.0707567106431E-016,1.96625982406733E-016,1.86236313079291E-016,1.7598735955878E-016,1.65945319848587E-016,1.56163580556979E-016,1.46684285725225E-016,1.37539780452969E-016,1.28753927500012E-016,1.20343298739814E-016,1.12318245926438E-016,1.04683856971252E-016,9.74408050122976E-017
2.68235866044547E-017,5.29747483597265E-017,7.84272510782712E-017,1.03147898565357E-016,1.2709627927024E-016,1.50224470733406E-016,1.724767017226E-016,1.93788971706305E-016,2.14088627095994E-016,2.33293893495538E-016,2.5131336302557E-016,2.6804543564142E-016,2.83377713234606E-016,2.81232285768021E-016,2.77155658753941E-016,2.71463760360734E-016,2.64445583939984E-016,2.56362282928324E-016,2.47447300413694E-016,2.37907225708215E-016,2.27923142228268E-016,2.17652287659752E-016,2.07229891885334E-016,1.96771092955448E-016,1.86372858485313E-016,1.76115860848703E-016,1.66066270688984E-016,1.56277445596947E-016,1.46791500126061E-016,1.37640750276689E-016,1.28849030698077E-016,1.20432886540633E-016,1.12402644466865E-016,1.04763369055012E-016,9.75157119085144E-017
2.68816066973632E-017,5.30828573578184E-017,7.85780282711235E-017,1.03334409446965E-016,1.27312056974485E-016,1.50463502924163E-016,1.72733422751478E-016,1.94058259911585E-016,2.14365807171956E-016,2.33574743912772E-016,2.51594128530988E-016,2.68322844912043E-016,2.83649001802396E-016,2.81490999849949E-016,2.77401497397827E-016,2.71696708975628E-016,2.6466583944606E-016,2.56570193808962E-016,2.47643319258514E-016,2.38091872119938E-016,2.28096974245398E-016,2.17815880110067E-016,2.07383820325848E-016,1.96915922069975E-016,1.86509134000423E-016,1.76244104193495E-016,1.6618697576535E-016,1.56391077146955E-016,1.46898493283995E-016,1.37741510977533E-016,1.28943936683901E-016,1.20522288763619E-016,1.12486868734359E-016,1.04842717799705E-016,9.75904659971147E-017
2.6939667973333E-017,5.31910247777064E-017,7.87288620504522E-017,1.03520960276738E-016,1.27527846919703E-016,1.50702511828538E-016,1.72990079951881E-016,1.94327441127425E-016,2.14642836491105E-016,2.3385540084781E-016,2.5187466016818E-016,2.68599983221251E-016,2.83919986219689E-016,2.81749397570616E-016,2.77647011527098E-016,2.71929328582025E-016,2.64885764689898E-016,2.56777775993989E-016,2.47839013388981E-016,2.3827619983096E-016,2.28270495254875E-016,2.17979170604397E-016,2.07537456933091E-016,1.97060470290213E-016,1.86645140153172E-016,1.76372090106991E-016,1.66307435574051E-016,1.56504475683707E-016,1.47005265654399E-016,1.37842062988329E-016,1.29038645866973E-016,1.20611505794491E-016,1.1257091909075E-016,1.04921903543421E-016,9.76650675928218E-017
2.69977703873503E-017,5.32992505197978E-017,7.88797522658954E-017,1.03707550866331E-016,1.27743648897814E-016,1.50941497239637E-016,1.73246673139546E-016,1.94596515212527E-016,2.14919714973172E-016,2.34135864296441E-016,2.52154958020572E-016,2.68876850748177E-016,2.84190666766113E-016,2.82007479267533E-016,2.77892201530947E-016,2.72161619613758E-016,2.65105360142492E-016,2.56985029983992E-016,2.48034383327858E-016,2.38460209379167E-016,2.28443705803158E-016,2.18142159691808E-016,2.07690802253416E-016,1.97204738155148E-016,1.86780877471186E-016,1.76499819102109E-016,1.66427650610548E-016,1.56617641683027E-016,1.47111817691792E-016,1.37942406741091E-016,1.29133158656011E-016,1.20700538018245E-016,1.12654795897193E-016,1.05000926623626E-016,9.77395170097869E-017
2.70559138944771E-017,5.34075344846833E-017,7.9030698767408E-017,1.03894181027863E-016,1.2795946270134E-016,1.51180458951288E-016,1.73503202131016E-016,1.94865482026438E-016,2.15196442538718E-016,2.34416134255203E-016,2.52435022172208E-016,2.69153447672382E-016,2.84461043721484E-016,2.82265245278248E-016,2.78137067798455E-016,2.72393582504404E-016,2.65324626274448E-016,2.57191956279039E-016,2.48229429597284E-016,2.38643901301731E-016,2.28616606435913E-016,2.18304847920519E-016,2.07843856832289E-016,1.97348726202856E-016,1.86916346481172E-016,1.76627291690845E-016,1.66547621369395E-016,1.56730575619856E-016,1.47218149849842E-016,1.3804254266702E-016,1.29227475458967E-016,1.20789385819153E-016,1.12738499514172E-016,1.05079787377163E-016,9.7813814561588E-017
2.71140984498516E-017,5.35158765731362E-017,7.91817014052599E-017,1.04080850573912E-016,1.28175288123405E-016,1.51419396758041E-016,1.73759666743638E-016,1.95134341429546E-016,2.15473019109122E-016,2.34696210721378E-016,2.52714852707738E-016,2.69429774173846E-016,2.84731117365803E-016,2.82522695940347E-016,2.78381610718589E-016,2.72625217687279E-016,2.65543563555974E-016,2.57398555378681E-016,2.4842415271877E-016,2.38827276135107E-016,2.28789197698019E-016,2.18467235837901E-016,2.0799662121429E-016,1.97492434970499E-016,1.87051547708914E-016,1.76754508384278E-016,1.66667348344242E-016,1.56843277968253E-016,1.4732426258137E-016,1.38142471196506E-016,1.29321596683018E-016,1.20878049580765E-016,1.12822030301493E-016,1.05158486140253E-016,9.78879605612302E-017
2.71723240086878E-017,5.36242766861121E-017,7.93327600300359E-017,1.04267559317516E-016,1.28391124957732E-016,1.51658310455165E-016,1.74016066795562E-016,1.95403093283075E-016,2.15749444606584E-016,2.34976093692987E-016,2.5299444971242E-016,2.69705830432967E-016,2.85000887979253E-016,2.82779831591445E-016,2.78625830680199E-016,2.72856525595435E-016,2.65762172456879E-016,2.57604827781949E-016,2.48618553213201E-016,2.39010334415028E-016,2.28961480133558E-016,2.18629323990475E-016,2.08149095943109E-016,1.97635864994329E-016,1.87186481679272E-016,1.76881469692567E-016,1.66786832027834E-016,1.56955749201395E-016,1.47430156338342E-016,1.38242192759125E-016,1.29415522734575E-016,1.20966529685906E-016,1.12905388618289E-016,1.05237023248488E-016,9.79619553211453E-017
2.72305905262749E-017,5.37327347247483E-017,7.94838744926339E-017,1.0445430707217E-016,1.28606972998642E-016,1.51897199838645E-016,1.74272402105736E-016,1.95671737449084E-016,2.16025718954113E-016,2.35255783168789E-016,2.53273813272112E-016,2.69981616630556E-016,2.85270355842193E-016,2.83036652569189E-016,2.78869728072014E-016,2.73087506661662E-016,2.65980453446572E-016,2.57810773987348E-016,2.4881263160083E-016,2.39193076676511E-016,2.29133454285823E-016,2.18791112923915E-016,2.08301281561549E-016,1.97779016809686E-016,1.87321148916187E-016,1.77008176124951E-016,1.6690607291201E-016,1.57067989791579E-016,1.47535831571876E-016,1.38341707783639E-016,1.29509254019277E-016,1.21054826516677E-016,1.12988574823019E-016,1.05315399036839E-016,9.80357991531911E-017
2.72888979579776E-017,5.38412505903632E-017,7.96350446442651E-017,1.04641093651827E-016,1.28822832041052E-016,1.52136064705179E-016,1.74528672493903E-016,1.95940273790459E-016,2.16301842075531E-016,2.35535279148273E-016,2.53552943473268E-016,2.70257132947836E-016,2.85539521235157E-016,2.83293159211252E-016,2.79113303282639E-016,2.7331816131848E-016,2.6619840699406E-016,2.58016394492862E-016,2.4900638840128E-016,2.39375503453847E-016,2.29305120697309E-016,2.18952603183045E-016,2.08453178611522E-016,1.97921890950993E-016,1.87455549942676E-016,1.77134628189749E-016,1.67025071487703E-016,1.57180000210216E-016,1.47641288732239E-016,1.38441016697999E-016,1.29602790941993E-016,1.21142940454457E-016,1.13071589273464E-016,1.05393613839652E-016,9.81094923686512E-017
2.73472462592358E-017,5.39498241844559E-017,7.97862703364522E-017,1.04827918870893E-016,1.29038701880474E-016,1.52374904852179E-016,1.747848777806E-016,1.96208702170915E-016,2.16577813895465E-016,2.35814581631657E-016,2.53831840402938E-016,2.70532379566431E-016,2.85808384438851E-016,2.83549351855327E-016,2.79356556700555E-016,2.73548489998139E-016,2.66416033567944E-016,2.58221689795946E-016,2.49199824133539E-016,2.39557615280608E-016,2.29476479909718E-016,2.19113795311835E-016,2.0860478763405E-016,1.98064487951763E-016,1.87589685280831E-016,1.77260826394362E-016,1.6714382824494E-016,1.57291780927837E-016,1.47746528268846E-016,1.38540119929342E-016,1.29696133906821E-016,1.21230871879898E-016,1.13154432326733E-016,1.05471667990646E-016,9.81830352782353E-017
2.74056353855641E-017,5.4058455408706E-017,7.99375514210289E-017,1.05014782544231E-016,1.2925458231301E-016,1.52613720077763E-016,1.75041017787152E-016,1.96477022454989E-016,2.16853634339345E-016,2.36093690619884E-016,2.5411050414876E-016,2.70807356668371E-016,2.86076945734148E-016,2.83805230839128E-016,2.7959948871411E-016,2.73778493132616E-016,2.6663333363642E-016,2.58426660393527E-016,2.49392939315963E-016,2.39739412689639E-016,2.29647532463955E-016,2.19274689853406E-016,2.08756109169266E-016,1.98206808344594E-016,1.87723555451822E-016,1.77386771245267E-016,1.67262343672842E-016,1.57403332414092E-016,1.47851550630262E-016,1.38639017903992E-016,1.2978928331709E-016,1.2131862117293E-016,1.13237104339257E-016,1.05549561822917E-016,9.82564281920782E-017
2.74640652925518E-017,5.41671441649723E-017,8.00888877501393E-017,1.05201684487155E-016,1.29470473135354E-016,1.52852510180755E-016,1.7529709233567E-016,1.96745234508039E-016,2.17129303333397E-016,2.36372606114614E-016,2.54388934798957E-016,2.71082064436083E-016,2.86345205402084E-016,2.84060796500388E-016,2.79842099711523E-016,2.74008171153612E-016,2.6685030766727E-016,2.58631306782E-016,2.49585734466269E-016,2.39920896213061E-016,2.29818278900126E-016,2.19435287350027E-016,2.08907143756411E-016,1.98348852661169E-016,1.87857160975897E-016,1.77512463248026E-016,1.67380618259625E-016,1.57514655137746E-016,1.47956356264201E-016,1.3873771104746E-016,1.29882239575356E-016,1.21406188712759E-016,1.13319605666793E-016,1.05627295668932E-016,9.83296714197398E-017
2.75225359358627E-017,5.42758903552933E-017,8.02402791762365E-017,1.05388624515428E-016,1.29686374144787E-016,1.53091274960687E-016,1.75553101249053E-016,1.97013338196236E-016,2.17404820804645E-016,2.36651328118225E-016,2.54667132442332E-016,2.71356503052386E-016,2.86613163723858E-016,2.84316049176848E-016,2.80084390080877E-016,2.74237524492551E-016,2.67066956127869E-016,2.58835629457232E-016,2.49778210101539E-016,2.40102066382269E-016,2.29988719757542E-016,2.19595588343113E-016,2.09057891933835E-016,1.98490621432258E-016,1.87990502372378E-016,1.77637902907276E-016,1.67498652492599E-016,1.57625749566683E-016,1.48060945617527E-016,1.38836199784443E-016,1.29975003083408E-016,1.21493574877865E-016,1.13401936664421E-016,1.05704869860537E-016,9.84027652702052E-017
2.75810472712349E-017,5.4384693881886E-017,8.0391725552082E-017,1.05575602445267E-016,1.29902285139179E-016,1.53330014217789E-016,1.75809044350975E-016,1.97281333386568E-016,2.17680186680901E-016,2.36929856633806E-016,2.54945097168269E-016,2.71630672700492E-016,2.86880820980825E-016,2.84570989206265E-016,2.80326360210118E-016,2.74466553580575E-016,2.67283279485175E-016,2.5903962891455E-016,2.49970366738214E-016,2.40282923727929E-016,2.30158855574712E-016,2.19755593373225E-016,2.09208354238997E-016,1.98632115187715E-016,1.88123580159665E-016,1.77763090726738E-016,1.67616446858167E-016,1.57736616167905E-016,1.48165319136251E-016,1.38934484538828E-016,1.30067574242263E-016,1.21580780046006E-016,1.13484097686548E-016,1.0578228472895E-016,9.84757100518841E-017
2.76395992544805E-017,5.44935546471457E-017,8.0543226730745E-017,1.05762618093335E-016,1.30118205916981E-016,1.53568727752992E-016,1.76064921465891E-016,1.97549219946828E-016,2.17955400890764E-016,2.37208191665156E-016,2.5522282906672E-016,2.71904573563998E-016,2.87148177454493E-016,2.84825616926398E-016,2.8056801048705E-016,2.74695258848545E-016,2.67499278205733E-016,2.59243305648751E-016,2.50162204892094E-016,2.40463468779978E-016,2.30328686889345E-016,2.19915302980069E-016,2.09358531208462E-016,1.98773334456479E-016,1.88256394855233E-016,1.77888027209208E-016,1.67734001841828E-016,1.57847255407532E-016,1.48269477265538E-016,1.39032565733685E-016,1.30159953452166E-016,1.21667804594213E-016,1.13566089086902E-016,1.05859540604761E-016,9.85485060726106E-017
2.76981918414853E-017,5.46024725536453E-017,8.06947825656013E-017,1.05949671276743E-016,1.30334136277231E-016,1.53807415367924E-016,1.76320732419032E-016,1.97816997745619E-016,2.18230463363618E-016,2.37486333216777E-016,2.55500328228212E-016,2.72178205826887E-016,2.87415233426525E-016,2.85079932675013E-016,2.80809341299334E-016,2.74923640727034E-016,2.67714952755666E-016,2.59446660154089E-016,2.50353725078339E-016,2.40643702067625E-016,2.30498214238352E-016,2.20074717702499E-016,2.09508423377902E-016,1.98914279766575E-016,1.88388946975634E-016,1.78012712856565E-016,1.67851317928173E-016,1.57957667750803E-016,1.48373420449697E-016,1.39130443791274E-016,1.30252141112594E-016,1.21754648898795E-016,1.13647911218536E-016,1.05936637817939E-016,9.86211536396434E-017
2.7756824988209E-017,5.47114475041353E-017,8.08463929103325E-017,1.06136761813048E-016,1.30550076019546E-016,1.54046076864905E-016,1.76576477036398E-016,1.98084666652343E-016,2.18505374029626E-016,2.37764281293869E-016,2.55777594743834E-016,2.72451569673518E-016,2.87681989178727E-016,2.85333936789876E-016,2.81050353034487E-016,2.75151699646328E-016,2.6793030360068E-016,2.59649692924282E-016,2.50544927811463E-016,2.40823624119347E-016,2.30667438157839E-016,2.20233838078511E-016,2.09658031282099E-016,1.99054951645111E-016,1.88521237036495E-016,1.78137148169769E-016,1.6796839560089E-016,1.58067853662072E-016,1.48477149132189E-016,1.39228119133041E-016,1.30344137622254E-016,1.21841313335337E-016,1.1372956443383E-016,1.06013576697822E-016,9.86936530596653E-017
2.78154986506846E-017,5.48204794015426E-017,8.09980576189253E-017,1.06323889520252E-016,1.30766024944121E-016,1.54284712046951E-016,1.7683215514476E-016,1.98352226537204E-016,2.18780132819727E-016,2.38042035902332E-016,2.56054628705238E-016,2.72724665288628E-016,2.87948444993052E-016,2.85587629608752E-016,2.81291046079874E-016,2.75379436036424E-016,2.68145331206058E-016,2.59852404452506E-016,2.50735813605336E-016,2.41003235462886E-016,2.3083635918311E-016,2.20392664645246E-016,2.09807355454938E-016,1.99195350618279E-016,1.88653265552519E-016,1.78261333648854E-016,1.68085235342758E-016,1.58177813604814E-016,1.48580663755627E-016,1.39325592179621E-016,1.3043594337908E-016,1.21927798278697E-016,1.13811049084484E-016,1.06090357573125E-016,9.87660046387832E-017
2.78742127850182E-017,5.49295681489707E-017,8.11497765456704E-017,1.06511054216799E-016,1.30981982851731E-016,1.54523320717766E-016,1.77087766571654E-016,1.98619677271201E-016,2.1905473966563E-016,2.38319597048756E-016,2.56331430204632E-016,2.72997492857324E-016,2.88214601151593E-016,2.85841011469399E-016,2.8153142082271E-016,2.75606850327024E-016,2.68360036036658E-016,2.60054795231393E-016,2.50926382973183E-016,2.41182536625254E-016,2.31004977848668E-016,2.20551197938987E-016,2.09956396429412E-016,1.99335477211357E-016,1.88785033037484E-016,1.7838526979294E-016,1.68201837635654E-016,1.58287548041622E-016,1.4868396476177E-016,1.39422863350834E-016,1.30527558780239E-016,1.22014104103011E-016,1.13892365521526E-016,1.06166980771936E-016,9.8838208682528E-017
2.79329673473892E-017,5.50387136496988E-017,8.13015495451619E-017,1.06698255721577E-016,1.31197949543726E-016,1.54761902681741E-016,1.77343311145382E-016,1.98887018726125E-016,2.19329194499817E-016,2.38596964740421E-016,2.56607999334781E-016,2.73270052565084E-016,2.88480457936582E-016,2.86094082709569E-016,2.81771477650057E-016,2.75833942947537E-016,2.68574418556913E-016,2.60256865753032E-016,2.51116636427579E-016,2.41361528132728E-016,2.3117329468821E-016,2.20709438495161E-016,2.10105154737619E-016,1.99475331948705E-016,1.88916540004247E-016,1.78508957100224E-016,1.68318202960547E-016,1.58397057434206E-016,1.48787052591529E-016,1.39519933065691E-016,1.30618984222127E-016,1.22100231181693E-016,1.13973514095304E-016,1.06243446621716E-016,9.89102654958542E-017
2.79917622940495E-017,5.51479158071814E-017,8.14533764722963E-017,1.06885493853914E-016,1.31413924822028E-016,1.55000457743954E-016,1.77598788695003E-016,1.99154250774558E-016,2.19603497255532E-016,2.38874138985292E-016,2.56884336188997E-016,2.73542344597748E-016,2.88746015630385E-016,2.86346843667003E-016,2.8201121694882E-016,2.76060714327074E-016,2.68788479230826E-016,2.60458616508965E-016,2.51306574480452E-016,2.41540210510849E-016,2.31341310234626E-016,2.20867386848337E-016,2.10253630910765E-016,1.99614915353768E-016,1.89047786964736E-016,1.78632396067982E-016,1.68434331797501E-016,1.58506342243397E-016,1.48889927684965E-016,1.39616801742388E-016,1.30710220100369E-016,1.22186179887428E-016,1.14054495155495E-016,1.06319755449301E-016,9.89821753831405E-017
2.8050597581324E-017,5.52571745250479E-017,8.16052571822717E-017,1.07072768433577E-016,1.31629908489134E-016,1.55238985710162E-016,1.77854199050336E-016,1.99421373289865E-016,2.1987764786678E-016,2.39151119792014E-016,2.57160440861142E-016,2.7381436914152E-016,2.89011274515501E-016,2.86599294679426E-016,2.82250639105742E-016,2.76287164894445E-016,2.69002218521971E-016,2.60660047990186E-016,2.51496197643079E-016,2.41718584284422E-016,2.31509025020005E-016,2.21025043532227E-016,2.10401825479157E-016,1.99754227949075E-016,1.89178774429959E-016,1.78755587192572E-016,1.68550224625678E-016,1.58615402929144E-016,1.48992590481291E-016,1.39713469798309E-016,1.30801266809823E-016,1.22271950592181E-016,1.14135309051096E-016,1.06395907580899E-016,9.90539386481887E-017
2.81094731656096E-017,5.53664897071023E-017,8.17571915305872E-017,1.07260079280773E-016,1.31845900348109E-016,1.55477486386807E-016,1.78109542041955E-016,1.99688386146198E-016,2.20151646268325E-016,2.3942790716991E-016,2.57436313445616E-016,2.7408612638296E-016,2.89276234874556E-016,2.86851436084549E-016,2.82489744507406E-016,2.7651329507816E-016,2.6921563689349E-016,2.60861160687141E-016,2.51685506426084E-016,2.41896649977513E-016,2.31676439575627E-016,2.21182409079681E-016,2.10549738972211E-016,1.99893270256237E-016,1.89309502909997E-016,1.7887853096943E-016,1.68665881923331E-016,1.58724239950513E-016,1.49095041418867E-016,1.3980993765003E-016,1.30892124744575E-016,1.22357543667193E-016,1.14215956130431E-016,1.06471903342095E-016,9.91255555942247E-017
2.81683890033756E-017,5.54758612573222E-017,8.19091793730415E-017,1.07447426216143E-016,1.32061900202588E-016,1.55715959581007E-016,1.78364817501184E-016,1.99955289218486E-016,2.20425492395686E-016,2.39704501128977E-016,2.57711954037363E-016,2.74357616508983E-016,2.89540896990301E-016,2.87103268220062E-016,2.8272853354023E-016,2.76739105306424E-016,2.69428734808089E-016,2.61061955089723E-016,2.51874501339442E-016,2.42074408113454E-016,2.31843554431964E-016,2.21339484022695E-016,2.10697371918446E-016,2.0003204279595E-016,1.89439972914008E-016,1.79001227893076E-016,1.6878130416781E-016,1.58832853765693E-016,1.49197280935208E-016,1.39906205713311E-016,1.30982794297944E-016,1.22442959482979E-016,1.14296436741148E-016,1.06547743057844E-016,9.91970265238976E-017
2.82273450511634E-017,5.55852890798588E-017,8.20612205657327E-017,1.07634809060766E-016,1.32277907856772E-016,1.55954405100556E-016,1.78620025260099E-016,2.00222082382433E-016,2.20699186185129E-016,2.3998090167988E-016,2.57987362731857E-016,2.74628839706854E-016,2.89805261145611E-016,2.87354791423633E-016,2.82967006590466E-016,2.76964596007134E-016,2.69641512728042E-016,2.61262431687273E-016,2.52063182892469E-016,2.42251859214833E-016,2.32010370118684E-016,2.21496268892401E-016,2.10844724845485E-016,2.00170546087993E-016,1.89570184950226E-016,1.79123678457106E-016,1.68896491835562E-016,1.58941244831991E-016,1.49299309466978E-016,1.40002274403103E-016,1.31073275862477E-016,1.22528198409334E-016,1.14376751230219E-016,1.06623427052476E-016,9.92683517392802E-017
2.82863412655862E-017,5.56947730790364E-017,8.22133149650573E-017,1.07822227636156E-016,1.32493923115426E-016,1.56192822753923E-016,1.7887516515152E-016,2.0048876551452E-016,2.20972727573672E-016,2.40257108833952E-016,2.58262539625109E-016,2.74899796164186E-016,2.9006932762348E-016,2.87606006032906E-016,2.83205164044195E-016,2.77189767607881E-016,2.6985397111518E-016,2.61462590968579E-016,2.5225155159383E-016,2.424290038035E-016,2.32176887164642E-016,2.21652764219073E-016,2.10991798280057E-016,2.00308780651228E-016,1.8970013952596E-016,1.792458831542E-016,1.69011445402128E-016,1.59049413605833E-016,1.49401127449992E-016,1.40098144133545E-016,1.31163569829956E-016,1.22613260815328E-016,1.14456899943941E-016,1.06698955649697E-016,9.9339531541869E-017
2.83453776033287E-017,5.58043131593517E-017,8.2365462427709E-017,1.08009681764258E-016,1.32709945783881E-016,1.56431212350245E-016,1.79130237009013E-016,2.00755338491993E-016,2.21246116499072E-016,2.40533122603189E-016,2.58537484813653E-016,2.75170486068937E-016,2.90333096707017E-016,2.87856912385494E-016,2.83443006287326E-016,2.77414620535944E-016,2.70066110430899E-016,2.61662433421873E-016,2.52439607951531E-016,2.42605842400565E-016,2.32343106097889E-016,2.21808970532126E-016,2.11138592747994E-016,2.00446747003601E-016,1.89829837147598E-016,1.79367842476117E-016,1.69126165342146E-016,1.59157360542767E-016,1.49502735319218E-016,1.40193815317968E-016,1.31253676591392E-016,1.22698147069307E-016,1.14536883227936E-016,1.06774329172584E-016,9.94105662325834E-017
2.84044540211471E-017,5.59139092254735E-017,8.25176628106784E-017,1.08197171267451E-016,1.32925975668027E-016,1.56669573699333E-016,1.79385240666882E-016,2.01021801192868E-016,2.21519352899829E-016,2.40808943000242E-016,2.58812198394549E-016,2.75440909609402E-016,2.90596568679446E-016,2.88107510818981E-016,2.83680533705594E-016,2.77639155218288E-016,2.7027793113615E-016,2.61861959534828E-016,2.52627352472921E-016,2.42782375526395E-016,2.32509027445664E-016,2.21964888360112E-016,2.11285108774234E-016,2.00584445662143E-016,1.89959278320601E-016,1.79489556913699E-016,1.69240652129349E-016,1.5926508609746E-016,1.49604133508776E-016,1.40289288368889E-016,1.31343596537028E-016,1.22782857538896E-016,1.1461670142715E-016,1.06849547943591E-016,9.9481456111767E-017
2.84635704758689E-017,5.60235611822421E-017,8.26699159712519E-017,1.08384695968544E-016,1.33142012574315E-016,1.5690790661166E-016,1.79640175960173E-016,2.01288153495925E-016,2.21792436715179E-016,2.41084570038422E-016,2.59086680465379E-016,2.75711066974214E-016,2.908597438241E-016,2.88357801670919E-016,2.83917746684554E-016,2.77863372081564E-016,2.70489433691443E-016,2.62061169794562E-016,2.52814785664691E-016,2.42958603700613E-016,2.32674651734394E-016,2.22120518230723E-016,2.11431346882815E-016,2.00721877142965E-016,1.90088463549508E-016,1.79611026956867E-016,1.69354906236568E-016,1.59372590723701E-016,1.49705322451938E-016,1.40384563698017E-016,1.31433330056339E-016,1.22867392590997E-016,1.14696354885856E-016,1.06924612284542E-016,9.95522014791863E-017
2.85227269243924E-017,5.6133268934669E-017,8.28222217670109E-017,1.08572255690775E-016,1.33358056309754E-016,1.57146210898368E-016,1.79895042724663E-016,2.01554395280701E-016,2.22065367885089E-016,2.41360003731688E-016,2.59360931124239E-016,2.75980958352343E-016,2.9112262242442E-016,2.88607785278821E-016,2.84154645609587E-016,2.78087271552106E-016,2.70700618556841E-016,2.6226006468763E-016,2.53001908032872E-016,2.431345274421E-016,2.328399794897E-016,2.2227586067079E-016,2.11577307596883E-016,2.00859041961264E-016,1.90217393337935E-016,1.79732253094625E-016,1.69468928135731E-016,1.59479874874399E-016,1.49806302581129E-016,1.40479641716251E-016,1.31522877538032E-016,1.22951752591789E-016,1.14775843947649E-016,1.06999522516639E-016,9.96228026340321E-017
2.85819233236869E-017,5.62430323879364E-017,8.29745800558311E-017,1.08759850257811E-016,1.33574106681909E-016,1.57384486371257E-016,1.80149840796866E-016,2.01820526427492E-016,2.22338146350258E-016,2.41635244094648E-016,2.5963495046974E-016,2.76250583933084E-016,2.9138520476395E-016,2.88857461980162E-016,2.84391230865886E-016,2.78310854055928E-016,2.70911486191962E-016,2.62458644700026E-016,2.53188720082833E-016,2.43310147268994E-016,2.33005011236388E-016,2.22430916206283E-016,2.11722991438686E-016,2.00995940631319E-016,1.90346068188572E-016,1.79853235815058E-016,1.69582718297864E-016,1.59586939001586E-016,1.49907074327927E-016,1.40574522833681E-016,1.31612239370049E-016,1.2303593790673E-016,1.14855168955454E-016,1.07074278960456E-016,9.9693259874918E-017
2.86411596307924E-017,5.63528514473967E-017,8.31269906958818E-017,1.08947479493745E-016,1.33790163498899E-016,1.57622732842791E-016,1.80404570014023E-016,2.0208654681735E-016,2.2261077205211E-016,2.41910291142554E-016,2.59908738601003E-016,2.76519943906063E-016,2.91647491126338E-016,2.89106832112377E-016,2.84627502838464E-016,2.78534120018723E-016,2.71122037055974E-016,2.62656910317183E-016,2.53375222319282E-016,2.43485463698685E-016,2.33169747498454E-016,2.2258568536231E-016,2.11868398929574E-016,2.01132573666496E-016,1.90474488603191E-016,1.79973975605335E-016,1.69696277193088E-016,1.59693783556416E-016,1.50007638123063E-016,1.40669207459585E-016,1.31701415939562E-016,1.23119948900555E-016,1.14934330251519E-016,1.07148881935944E-016,9.9763573499882E-017
2.87004358028193E-017,5.64627260185721E-017,8.32794535456245E-017,1.09135143223097E-016,1.34006226569397E-016,1.57860950126089E-016,1.80659230214102E-016,2.02352456332073E-016,2.22883244932792E-016,2.42185144891298E-016,2.60182295617653E-016,2.76789038461226E-016,2.91909481795327E-016,2.89355896012854E-016,2.84863461912145E-016,2.78757069865859E-016,2.71332271607595E-016,2.62854862023968E-016,2.53561415246263E-016,2.43660477247819E-016,2.33334188799083E-016,2.22740168663115E-016,2.12013530590005E-016,2.01268941579241E-016,1.90602655082637E-016,1.80094472951706E-016,1.69809605290624E-016,1.59800408989163E-016,1.50107994396424E-016,1.40763696002437E-016,1.31790407632977E-016,1.23203785937278E-016,1.15013328177417E-016,1.07223331762427E-016,9.98337438063854E-017
2.87597517969481E-017,5.6572656007154E-017,8.34319684638131E-017,1.09322841270812E-016,1.34222295702627E-016,1.58099138034928E-016,1.80913821235799E-016,2.02618254854212E-016,2.2315556493517E-016,2.4245980535741E-016,2.60455621619821E-016,2.77057867788841E-016,2.9217117705476E-016,2.89604654018935E-016,2.85099108471564E-016,2.78979704022381E-016,2.71542190305092E-016,2.63052500304683E-016,2.53747299367158E-016,2.43835188432296E-016,2.33498335660644E-016,2.22894366632083E-016,2.12158386939535E-016,2.01405044881085E-016,1.90730568126834E-016,1.80214728339504E-016,1.69922703058792E-016,1.59906815749226E-016,1.50208143577048E-016,1.40857988869899E-016,1.31879214835934E-016,1.23287449380193E-016,1.1509216307405E-016,1.07297628758602E-016,9.99037710913136E-017
2.88191075704296E-017,5.66826413190027E-017,8.35845353094922E-017,1.09510573462255E-016,1.34438370708361E-016,1.58337296383737E-016,1.81168342918528E-016,2.02883942267059E-016,2.23427732002825E-016,2.42734272558054E-016,2.60728716708135E-016,2.77326432079494E-016,2.92432577188567E-016,2.89853106467914E-016,2.85334442901166E-016,2.79202022913004E-016,2.71751793606278E-016,2.63249825643063E-016,2.5393287518468E-016,2.44009597767265E-016,2.33662188604698E-016,2.23048279791734E-016,2.12302968496828E-016,2.01540884082645E-016,1.90858228234784E-016,1.80334742253145E-016,1.70035570965009E-016,1.60013004285127E-016,1.50308086093131E-016,1.40952086468827E-016,1.31967837933307E-016,1.2337093959187E-016,1.15170835281644E-016,1.07371773242545E-016,9.9973655650976E-017
2.88785030805844E-017,5.67926818601469E-017,8.37371539419967E-017,1.09698339623218E-016,1.34654451396922E-016,1.58575424987597E-016,1.81422795102425E-016,2.03149518454649E-016,2.23699746080053E-016,2.43008546511023E-016,2.61001580983718E-016,2.77594731524082E-016,2.92693682480774E-016,2.9010125369703E-016,2.855694655852E-016,2.79424026962116E-016,2.71961081968508E-016,2.63446838522276E-016,2.5411814320088E-016,2.44183705767132E-016,2.33825748151988E-016,2.23201908663726E-016,2.1244727577965E-016,2.01676459693619E-016,1.90985635904566E-016,1.80454515176129E-016,1.70148209475792E-016,1.6011897504451E-016,1.50407822372022E-016,1.41045989205269E-016,1.32056277309204E-016,1.23454256934161E-016,1.15249345139753E-016,1.07445765531704E-016,1.00043397781106E-016
2.89379382848027E-017,5.69027775367834E-017,8.38898242209511E-017,1.0988613957991E-016,1.34870537579175E-016,1.58813523662238E-016,1.8167717762834E-016,2.03414983301755E-016,2.23971607111856E-016,2.43282627234735E-016,2.61274214548186E-016,2.77862766313814E-016,2.9295449321549E-016,2.90349096043469E-016,2.85804176907722E-016,2.79645716593771E-016,2.72170055848684E-016,2.63643539424918E-016,2.54303103917139E-016,2.44357512945551E-016,2.33989014822444E-016,2.23355253768854E-016,2.12591309304869E-016,2.01811772222791E-016,1.91112791633338E-016,1.8057404759104E-016,1.70260619056759E-016,1.60224728474145E-016,1.50507352840227E-016,1.41139697484466E-016,1.32144533346968E-016,1.23537401768198E-016,1.15327692987257E-016,1.07519605942903E-016,1.00112997776861E-016
2.89974131405442E-017,5.70129282552763E-017,8.40425460062684E-017,1.10073973158961E-016,1.35086629066533E-016,1.59051592224036E-016,1.8193149033784E-016,2.03680336693886E-016,2.24243315043945E-016,2.43556514748235E-016,2.61546617503643E-016,2.78130536640206E-016,2.9321500967691E-016,2.90596633844359E-016,2.86038577252586E-016,2.79867092231691E-016,2.72378715703247E-016,2.63839928833017E-016,2.54487757834171E-016,2.44531019815428E-016,2.34151989135184E-016,2.23508315627051E-016,2.12735069588459E-016,2.01946822178031E-016,1.91239695917338E-016,1.80693339979546E-016,1.70372800172626E-016,1.60330265019926E-016,1.50606677923406E-016,1.41233211710852E-016,1.32232606429177E-016,1.23620374454392E-016,1.15405879162364E-016,1.07593294792344E-016,1.00182455932823E-016
2.90569276053381E-017,5.71231339221568E-017,8.41953191581497E-017,1.10261840187421E-016,1.3530272567095E-016,1.59289630490013E-016,1.82185733073199E-016,2.03945578517282E-016,2.24514869822729E-016,2.43830209071183E-016,2.61818789952681E-016,2.78398042695076E-016,2.93475232149309E-016,2.9084386743677E-016,2.86272667003449E-016,2.80088154299264E-016,2.72587061988179E-016,2.64036007228027E-016,2.54672105452022E-016,2.44704226888918E-016,2.3431467160851E-016,2.23661094757385E-016,2.12878557145497E-016,2.02081610066292E-016,1.9136634925188E-016,1.80812392822399E-016,1.70484753287211E-016,1.60435585126872E-016,1.50705798046378E-016,1.41326532288055E-016,1.32320496937645E-016,1.23703175352435E-016,1.1548390400261E-016,1.07666832395601E-016,1.00251772542998E-016
2.91164816367824E-017,5.72333944441228E-017,8.43481435370831E-017,1.10449740492755E-016,1.35518827204921E-016,1.59527638277833E-016,1.82439905677405E-016,2.04210708658915E-016,2.24786271395321E-016,2.44103710223858E-016,2.62090731998369E-016,2.78665284670545E-016,2.93735160917042E-016,2.91090797157706E-016,2.86506446543762E-016,2.80308903219537E-016,2.72795095159E-016,2.6423177509083E-016,2.54856147270066E-016,2.44877134677427E-016,2.34477062759909E-016,2.23813591678062E-016,2.13021772490162E-016,2.02216136393611E-016,1.91492752131359E-016,1.80931206599438E-016,1.70596478863433E-016,1.60540689239126E-016,1.50804713633119E-016,1.41419659618898E-016,1.32408205253421E-016,1.23785804821298E-016,1.15561767844858E-016,1.07740219067627E-016,1.00320947900819E-016
2.91760751925444E-017,5.73437097280383E-017,8.4501019003843E-017,1.10637673902846E-016,1.35734933481481E-016,1.59765615405802E-016,1.82694007994146E-016,2.04475727006481E-016,2.25057519709526E-016,2.4437701822715E-016,2.62362443744258E-016,2.78932262759031E-016,2.9399479626454E-016,2.9133742334411E-016,2.86739916256774E-016,2.80529339415221E-016,2.73002815670765E-016,2.64427232901732E-016,2.55039883787008E-016,2.45049743691608E-016,2.34639163106052E-016,2.23965806906425E-016,2.1316471613574E-016,2.02350401665114E-016,1.9161890504925E-016,1.81049781789585E-016,1.7070797736331E-016,1.60645577799959E-016,1.50903425106761E-016,1.41512594105399E-016,1.32495731756792E-016,1.23868263219236E-016,1.15639471025299E-016,1.0781345512275E-016,1.0038998229914E-016
2.92357082303597E-017,5.7454079680933E-017,8.46539454194895E-017,1.1082564024599E-016,1.35951044314202E-016,1.60003561692861E-016,1.82948039867819E-016,2.047406334484E-016,2.25328614713845E-016,2.4465013310256E-016,2.62633925294373E-016,2.79198977153246E-016,2.94254138476306E-016,2.91583746332854E-016,2.86973076525524E-016,2.80749463308686E-016,2.73210223978068E-016,2.64622381140465E-016,2.5522331550088E-016,2.45222054441363E-016,2.34800973162796E-016,2.24117740958951E-016,2.13307388594617E-016,2.02484406385008E-016,1.91744808498107E-016,1.81168118870851E-016,1.70819249247967E-016,1.60750251251768E-016,1.51001932889594E-016,1.4160533614877E-016,1.32583076827281E-016,1.23950550903785E-016,1.15717013879454E-016,1.07886540874675E-016,1.00458876030243E-016
2.92953807080329E-017,5.75645042100022E-017,8.48069226453675E-017,1.110136393509E-016,1.36167159517193E-016,1.60241476958589E-016,1.83202001143517E-016,2.05005427873812E-016,2.25599556357463E-016,2.44923054872192E-016,2.62905176753211E-016,2.79465428046192E-016,2.94513187836916E-016,2.91829766460742E-016,2.87205927732844E-016,2.80969275321957E-016,2.73417320535033E-016,2.64817220286184E-016,2.55406442909043E-016,2.45394067435842E-016,2.3496249344518E-016,2.24269394351257E-016,2.13449790378287E-016,2.02618151056588E-016,1.91870462969566E-016,1.81286218320331E-016,1.70930294977627E-016,1.60854710036077E-016,1.51100237403069E-016,1.41697886149419E-016,1.32670240843647E-016,1.24032668231762E-016,1.15794396742171E-016,1.07959476636484E-016,1.00527629385834E-016
2.93550925834367E-017,5.76749832226057E-017,8.49599505431057E-017,1.11201671046697E-016,1.36383278905098E-016,1.60479361023202E-016,1.83455891667035E-016,2.05270110172575E-016,2.25870344590257E-016,2.45195783558756E-016,2.63176198225736E-016,2.79731615631163E-016,2.94771944631011E-016,2.92075484064507E-016,2.87438470261354E-016,2.81188775876717E-016,2.73624105795319E-016,2.65011750817464E-016,2.55589266508183E-016,2.45565783183442E-016,2.35123724467429E-016,2.24420767598094E-016,2.13591921997345E-016,2.02751636182236E-016,1.91995868954341E-016,1.81404080614208E-016,1.71041115011618E-016,1.60958954593538E-016,1.51198339067794E-016,1.41790244506953E-016,1.3275722418389E-016,1.24114615559267E-016,1.15871619947628E-016,1.08032262720636E-016,1.00596242657046E-016
2.94148438145121E-017,5.77855166262677E-017,8.51130289746164E-017,1.11389735162918E-016,1.36599402293092E-016,1.60717213707542E-016,1.83709711284862E-016,2.05534680235261E-016,2.26140979362783E-016,2.45468319185557E-016,2.63446989817378E-016,2.79997540101732E-016,2.95030409143298E-016,2.92320899480805E-016,2.87670704493459E-016,2.814079653943E-016,2.73830580212113E-016,2.65205973212304E-016,2.55771786794313E-016,2.45737202191807E-016,2.3528466674295E-016,2.2457186121335E-016,2.13733783961492E-016,2.02884862263419E-016,1.9212102694223E-016,1.81521706227754E-016,1.71151709808372E-016,1.61062985363931E-016,1.51296238303538E-016,1.41882411620173E-016,1.32844027225246E-016,1.24196393241683E-016,1.15948683829333E-016,1.08104899438968E-016,1.00664716134435E-016
2.9474634359268E-017,5.78961043286767E-017,8.52661578020941E-017,1.11577831529508E-016,1.36815529496883E-016,1.60955034833085E-016,1.83963459844178E-016,2.05799137953153E-016,2.26411460626276E-016,2.45740661776498E-016,2.63717551634029E-016,2.8026320165176E-016,2.95288581658548E-016,2.92566013046215E-016,2.8790263081135E-016,2.81626844295693E-016,2.74036744238134E-016,2.6539988794812E-016,2.5595400426277E-016,2.45908324967826E-016,2.35445320784333E-016,2.24722675710049E-016,2.13875376779533E-016,2.03017829800691E-016,1.92245937422112E-016,1.81639095635325E-016,1.71262079825425E-016,1.61166802786164E-016,1.5139393552923E-016,1.41974387887078E-016,1.32930650344191E-016,1.24278001633678E-016,1.16025588720125E-016,1.08177387102694E-016,1.00733050107985E-016
2.95344641757813E-017,5.80067462376847E-017,8.54193368880152E-017,1.1176595997682E-016,1.37031660332707E-016,1.61192824221935E-016,1.84217137192858E-016,2.06063483218244E-016,2.26681788332651E-016,2.46012811356074E-016,2.63987883782038E-016,2.80528600475383E-016,2.95546462461591E-016,2.92810825097239E-016,2.88134249596998E-016,2.81845413001535E-016,2.74242598325628E-016,2.65593495501749E-016,2.56135919408216E-016,2.46079152017634E-016,2.35605687103354E-016,2.24873211600352E-016,2.14016700959377E-016,2.03150539293692E-016,1.92370600881946E-016,1.81756249310371E-016,1.71372225519417E-016,1.61270407298277E-016,1.51491431162961E-016,1.42066173704866E-016,1.33017093916439E-016,1.243594410892E-016,1.16102334952171E-016,1.08249726022406E-016,1.00801244867106E-016
2.95943332221963E-017,5.81174422613065E-017,8.55725660951372E-017,1.11954120335618E-016,1.37247794617329E-016,1.61430581696818E-016,1.84470743179461E-016,2.0632771592323E-016,2.26951962434491E-016,2.46284767949369E-016,2.6425798636821E-016,2.80793736767014E-016,2.95804051837313E-016,2.93055335970295E-016,2.88365561232158E-016,2.82063671932109E-016,2.74448142926365E-016,2.65786796349443E-016,2.56317532724637E-016,2.46249683846612E-016,2.35765766210968E-016,2.25023469395555E-016,2.14157757008039E-016,2.03282991241152E-016,1.92495017808778E-016,1.81873167725425E-016,1.71482147346094E-016,1.61373799337436E-016,1.5158872562198E-016,1.42157769469933E-016,1.33103358316946E-016,1.24440711961486E-016,1.16178922856971E-016,1.08321916508076E-016,1.00869300700634E-016
2.9654241456725E-017,5.822819230772E-017,8.57258452864975E-017,1.1214231243707E-016,1.37463932168041E-016,1.61668307081088E-016,1.84724277653234E-016,2.06591835961512E-016,2.27221982885053E-016,2.46556531582052E-016,2.64527859499803E-016,2.8105861072134E-016,2.96061350070656E-016,2.93299546001716E-016,2.88596566098359E-016,2.82281621507348E-016,2.74653378491645E-016,2.65979790966873E-016,2.56498844705341E-016,2.46419920959384E-016,2.35925558617315E-016,2.25173449606092E-016,2.1429854543164E-016,2.03415186140887E-016,1.92619188688732E-016,1.81989851352116E-016,1.71591845760309E-016,1.61476979339942E-016,1.51685819322703E-016,1.42249175577875E-016,1.33189443919907E-016,1.24521814603055E-016,1.16255352765355E-016,1.08393958869053E-016,1.00937217896832E-016
2.97141888376464E-017,5.83389962852652E-017,8.58791743254134E-017,1.12330536112751E-016,1.37680072802659E-016,1.61906000198716E-016,1.84977740464104E-016,2.06855843227189E-016,2.2749184963826E-016,2.46828102280375E-016,2.6479750328452E-016,2.81323222533315E-016,2.96318357446615E-016,2.93543455527751E-016,2.88827264576908E-016,2.82499262146829E-016,2.74858305472288E-016,2.66172479829125E-016,2.56679855842957E-016,2.4658986385982E-016,2.36085064831716E-016,2.25323152741533E-016,2.14439066735403E-016,2.035471244898E-016,1.9274311400702E-016,1.82106300661158E-016,1.71701321216019E-016,1.61579947741224E-016,1.51782712680706E-016,1.42340392423487E-016,1.33275351098759E-016,1.24602749365712E-016,1.16331625007485E-016,1.08465853414066E-016,1.01004996743389E-016
2.9774175323307E-017,5.84498541024438E-017,8.60325530754806E-017,1.1251879119464E-016,1.3789621633952E-016,1.62143660874297E-016,1.85231131462682E-016,2.07119737615058E-016,2.27761562648696E-016,2.47099480071169E-016,2.65066917830514E-016,2.81587572398163E-016,2.96575074250233E-016,2.93787064884559E-016,2.89057657048886E-016,2.82716594269771E-016,2.75062924318637E-016,2.66364863410698E-016,2.56860566629438E-016,2.46759513051033E-016,2.36244285362677E-016,2.25472579310584E-016,2.14579321423659E-016,2.03678806783885E-016,1.92866794247935E-016,1.82222516122359E-016,1.71810574166292E-016,1.61682704975845E-016,1.51879406110729E-016,1.42431420400764E-016,1.3336108022618E-016,1.24683516600548E-016,1.16407739912856E-016,1.08537600451224E-016,1.01072637527424E-016
2.98342008721198E-017,5.85607656679192E-017,8.61859814005728E-017,1.1270707751512E-016,1.38112362597488E-016,1.62381288933041E-016,1.85484450500253E-016,2.07383519020611E-016,2.28031121871608E-016,2.4737066498184E-016,2.65336103246377E-016,2.8185166051137E-016,2.96831500766599E-016,2.94030374408207E-016,2.89287743895147E-016,2.82933618295037E-016,2.75267235480558E-016,2.66556942185506E-016,2.57040977556055E-016,2.4692886903538E-016,2.36403220717883E-016,2.25621729821088E-016,2.14719309999845E-016,2.03810233518224E-016,1.92990229894856E-016,1.82338498204616E-016,1.71919605063301E-016,1.617852514775E-016,1.51975900026676E-016,1.42522259902904E-016,1.3344663167409E-016,1.24764116657941E-016,1.16483697810294E-016,1.08609200288016E-016,1.0114014053548E-016
2.98942654425647E-017,5.86717308905157E-017,8.63394591648411E-017,1.12895394906976E-016,1.38328511395941E-016,1.62618884200772E-016,1.85737697428781E-016,2.07647187340028E-016,2.283005272629E-016,2.47641657040369E-016,2.65605059641141E-016,2.82115487068683E-016,2.9708763728085E-016,2.94273384434671E-016,2.89517525496313E-016,2.83150334641127E-016,2.75471239407433E-016,2.66748716626875E-016,2.572210891134E-016,2.47097932314459E-016,2.36561871404202E-016,2.25770604780025E-016,2.14859032966504E-016,2.03941405186987E-016,1.93113421430247E-016,1.82454247375921E-016,1.72028414358328E-016,1.61887587679018E-016,1.52072194841617E-016,1.42612911322305E-016,1.33532005813653E-016,1.24844549887554E-016,1.1655949902796E-016,1.0868065323131E-016,1.01207506053531E-016
2.99543689931883E-017,5.8782749679218E-017,8.64929862327131E-017,1.13083743203393E-016,1.3854466255478E-016,1.62856446503929E-016,1.859908721009E-016,2.07910742470179E-016,2.28569778779129E-016,2.47912456275303E-016,2.65873787124273E-016,2.82379052266108E-016,2.97343484078163E-016,2.94516095299829E-016,2.89747002232775E-016,2.8336674372618E-016,2.75674936548166E-016,2.66940187207542E-016,2.57400901791384E-016,2.47266703389115E-016,2.36720237927686E-016,2.2591920469351E-016,2.14998490825283E-016,2.04072322283436E-016,1.93236369335658E-016,1.82569764103357E-016,1.72137002501765E-016,1.61989714012359E-016,1.52168290967786E-016,1.42703375050569E-016,1.33617203015276E-016,1.2492481663834E-016,1.16635143893348E-016,1.08751959587356E-016,1.01274734366977E-016
3.00145114826034E-017,5.88938219431713E-017,8.66465624688921E-017,1.13272122237958E-016,1.3876081589442E-016,1.63093975669562E-016,1.86243974369917E-016,2.0817418430862E-016,2.28838876377503E-016,2.48183062715758E-016,2.66142285805675E-016,2.82642356299905E-016,2.97599041443753E-016,2.94758507339461E-016,2.89976174484691E-016,2.83582845967974E-016,2.75878327351177E-016,2.67131354399656E-016,2.57580416079238E-016,2.4743518275943E-016,2.36878320793566E-016,2.26067530066796E-016,2.1513768407694E-016,2.04202985299923E-016,1.93359074091724E-016,1.82685048853099E-016,1.72245369943114E-016,1.62091630908622E-016,1.52264188816584E-016,1.42793651478498E-016,1.33702223648609E-016,1.25004917258538E-016,1.16710632733284E-016,1.08823119661785E-016,1.01341825760648E-016
3.0074692869489E-017,5.90049475916802E-017,8.68001877383564E-017,1.13460531844655E-016,1.38976971235792E-016,1.6333147152533E-016,1.86497004089804E-016,2.08437512753588E-016,2.29107820015881E-016,2.48453476391411E-016,2.66410555795675E-016,2.82905399366587E-016,2.97854309662876E-016,2.95000620889251E-016,2.90205042631982E-016,2.83798641783919E-016,2.76081412264401E-016,2.67322218674774E-016,2.57759632465509E-016,2.47603370924731E-016,2.37036120506257E-016,2.26215581404275E-016,2.15276613221337E-016,2.04333394727888E-016,1.93481536178168E-016,1.82800102090418E-016,1.72353517130988E-016,1.62193338798039E-016,1.52359888798578E-016,1.42883740996101E-016,1.33787068082547E-016,1.25084852095678E-016,1.16785965873932E-016,1.08894133759609E-016,1.01408780518803E-016
3.01349131125902E-017,5.91161265342089E-017,8.69538619063586E-017,1.13648971857866E-016,1.39193128400342E-016,1.63568933899499E-016,1.86749961115201E-016,2.08700727704002E-016,2.29376609652763E-016,2.48723697332501E-016,2.6667859720503E-016,2.83168181662917E-016,2.98109289020818E-016,2.95242436284775E-016,2.90433607054334E-016,2.8401413159106E-016,2.76284191735289E-016,2.67512780503863E-016,2.57938551438062E-016,2.47771268383588E-016,2.37193637569354E-016,2.26363359209472E-016,2.15415278757443E-016,2.04463551057866E-016,1.93603756073801E-016,1.8291492427968E-016,1.72461444513109E-016,1.62294838109978E-016,1.52455391323504E-016,1.42973643992591E-016,1.33871736685233E-016,1.25164621496577E-016,1.16861143640789E-016,1.08965002185223E-016,1.0147559892513E-016
3.0195172170718E-017,5.92273586803803E-017,8.7107584838425E-017,1.1383744211237E-016,1.39409287210026E-016,1.63806362620942E-016,1.8700284530141E-016,2.08963829059455E-016,2.29645245247293E-016,2.48993725569821E-016,2.66946410144921E-016,2.83430703385903E-016,2.98363979802901E-016,2.95483953861509E-016,2.9066186813119E-016,2.84229315806074E-016,2.76486666210805E-016,2.67703040357297E-016,2.58117173484081E-016,2.47938875633809E-016,2.37350872485634E-016,2.26510863985054E-016,2.15553681183337E-016,2.04593454779482E-016,1.9372573425652E-016,1.83029515884344E-016,1.72569152536314E-016,1.62396129272944E-016,1.52550696800266E-016,1.43063360856384E-016,1.33956229824052E-016,1.25244225807342E-016,1.16936166358687E-016,1.09035725242403E-016,1.01542281262745E-016
3.0255470002749E-017,5.93386439399761E-017,8.72613564003546E-017,1.14025942443342E-016,1.39625447487313E-016,1.64043757519131E-016,1.87255656504394E-016,2.09226816720218E-016,2.29913726759253E-016,2.4926356113472E-016,2.67213994726946E-016,2.83692964732797E-016,2.98618382294474E-016,2.9572517395482E-016,2.90889826241754E-016,2.84444194845267E-016,2.76688836137424E-016,2.67892998704857E-016,2.58295499090064E-016,2.48106193172446E-016,2.37507825757056E-016,2.26658096232822E-016,2.15691820996205E-016,2.04723106381452E-016,1.93847471203313E-016,1.83143877366967E-016,1.72676641646551E-016,1.62497212714582E-016,1.52645805636936E-016,1.43152891975104E-016,1.34040547865638E-016,1.25323665373373E-016,1.17011034351796E-016,1.0910630323431E-016,1.01608827814196E-016
3.03158065676253E-017,5.94499822229356E-017,8.74151764582185E-017,1.1421447268635E-016,1.39841609055179E-016,1.64281118424143E-016,1.87508394580774E-016,2.09489690587229E-016,2.30182054149062E-016,2.49533204059095E-016,2.67481351063124E-016,2.83954965901092E-016,2.98872496780915E-016,2.95966096899967E-016,2.91117481764987E-016,2.84658769124575E-016,2.76890701961135E-016,2.68082656015732E-016,2.58473528741824E-016,2.4827322149579E-016,2.37664497884762E-016,2.26805056453717E-016,2.15829698692341E-016,2.04852506351587E-016,1.93968967390256E-016,1.83258009189201E-016,1.72783912288882E-016,1.62598088861672E-016,1.52740718240758E-016,1.43242237735581E-016,1.34124691175872E-016,1.25402940539357E-016,1.17085747943622E-016,1.09176736463486E-016,1.01675238861462E-016
3.03761818243543E-017,5.95613734393562E-017,8.75690448783595E-017,1.14403032677357E-016,1.40057771737109E-016,1.64518445166653E-016,1.87761059387826E-016,2.09752450562098E-016,2.3045022737777E-016,2.49802654375393E-016,2.67748479265885E-016,2.8421670708852E-016,2.99126323547628E-016,2.962067230321E-016,2.91344835079603E-016,2.84873039059562E-016,2.77092264127434E-016,2.68272012758513E-016,2.58651262924492E-016,2.48439961099373E-016,2.37820889369074E-016,2.26951745147816E-016,2.15967314767149E-016,2.0498165517679E-016,1.94090223292514E-016,1.83371911811798E-016,1.72890964907485E-016,1.62698758140136E-016,1.52835435018143E-016,1.43331398523851E-016,1.34208660119882E-016,1.25482051649275E-016,1.17160307457008E-016,1.09247025231859E-016,1.01741514685951E-016
3.04365957320088E-017,5.96728174994925E-017,8.77229615273905E-017,1.14591622252716E-016,1.40273935357093E-016,1.64755737577932E-016,1.8801365078348E-016,2.10015096547098E-016,2.3071824640706E-016,2.50071912116604E-016,2.68015379448073E-016,2.84478188493047E-016,2.99379862880038E-016,2.96447052686253E-016,2.91571886564071E-016,2.85087005065417E-016,2.77293523081326E-016,2.68461069401197E-016,2.58828702122511E-016,2.48606412477968E-016,2.37977000709495E-016,2.27098162814336E-016,2.16104669715141E-016,2.05110553343058E-016,1.94211239384345E-016,1.83485585694606E-016,1.72997799945649E-016,1.62799220975033E-016,1.52929956374677E-016,1.4342037472516E-016,1.34292455062047E-016,1.25560999046402E-016,1.17234713214134E-016,1.09317169840741E-016,1.01807655568503E-016
3.04970482497262E-017,5.97843143137558E-017,8.7876926272195E-017,1.14780241249173E-016,1.40490099739625E-016,1.64992995489849E-016,1.88266168626318E-016,2.10277628445169E-016,2.30986111199237E-016,2.50340977316257E-016,2.68282051722937E-016,2.84739410312872E-016,2.99633115063589E-016,2.96687086197346E-016,2.91798636596612E-016,2.85300667556953E-016,2.77494479267326E-016,2.68649826411186E-016,2.5900584681964E-016,2.48772576125587E-016,2.38132832404711E-016,2.27244309951632E-016,2.16241764029939E-016,2.05239201335483E-016,1.94332016139097E-016,1.83599031296572E-016,1.73104417845784E-016,1.62899477790565E-016,1.53024282715116E-016,1.43509166723961E-016,1.34376076365993E-016,1.25639783073302E-016,1.17308965536521E-016,1.09387170590827E-016,1.01873661789388E-016
3.0557539336709E-017,5.98958637927139E-017,8.80309389799253E-017,1.14968889503864E-016,1.40706264709704E-016,1.65230218734862E-016,1.8851861277557E-016,2.10540046159908E-016,2.31253821717234E-016,2.50609850008422E-016,2.68548496204133E-016,2.85000372746423E-016,2.99886080383746E-016,2.96926823900184E-016,2.92025085555193E-016,2.85514026948606E-016,2.77695133129453E-016,2.68838284255283E-016,2.5918269749895E-016,2.48938452535484E-016,2.38288384952589E-016,2.27390187057196E-016,2.16378598204277E-016,2.05367599638251E-016,1.9445255402921E-016,1.83712249075743E-016,1.73210819049412E-016,1.62999529010075E-016,1.53118414443391E-016,1.43597774903918E-016,1.34459524394598E-016,1.25718404071835E-016,1.17383064745025E-016,1.09457027782199E-016,1.01939533628312E-016
3.06180689522242E-017,6.00074658470909E-017,8.81849995180024E-017,1.15157566854311E-016,1.40922430092829E-016,1.65467407146025E-016,1.88770983091111E-016,2.10802349595571E-016,2.31521377924604E-016,2.50878530227703E-016,2.6881471300572E-016,2.85261075992358E-016,3.00138759125988E-016,2.9716626612945E-016,2.92251233817535E-016,2.85727083654435E-016,2.77895485111232E-016,2.69026443399694E-016,2.59359254642828E-016,2.49104042200149E-016,2.38443658850178E-016,2.27535794627662E-016,2.16515172729998E-016,2.05495748734646E-016,1.94572853526216E-016,1.83825239489268E-016,1.73317003997176E-016,1.63099375056048E-016,1.53212351962604E-016,1.43686199647905E-016,1.34542799509988E-016,1.25796862383156E-016,1.17457011159845E-016,1.09526741714325E-016,1.0200527136441E-016
3.06786370556034E-017,6.01191203877661E-017,8.83391077541152E-017,1.15346273138428E-016,1.41138595714999E-016,1.65704560556978E-016,1.8902327943346E-016,2.11064538657069E-016,2.31788779785517E-016,2.51147018009236E-016,2.69080702242154E-016,2.85521520249555E-016,3.00391151575809E-016,2.97405413219707E-016,2.92477081761099E-016,2.85939838088118E-016,2.78095535655692E-016,2.69214304310025E-016,2.59535518732971E-016,2.49269345611316E-016,2.3859865459371E-016,2.276811331588E-016,2.16651488098055E-016,2.05623649107044E-016,1.94692915100741E-016,1.83938002993395E-016,1.73422973128835E-016,1.63199016350113E-016,1.53306095675033E-016,1.43774441338006E-016,1.34625902073544E-016,1.25875158347712E-016,1.17530805100519E-016,1.09596312686059E-016,1.0207087527625E-016
3.07392436062425E-017,6.02308273257746E-017,8.84932635562196E-017,1.15535008194513E-016,1.41354761402711E-016,1.6594167880195E-016,1.89275501663781E-016,2.11326613249964E-016,2.32056027264757E-016,2.51415313388685E-016,2.69346464028289E-016,2.85781705717116E-016,3.0064325801871E-016,2.97644265505395E-016,2.92702629763094E-016,2.86152290662951E-016,2.78295285205368E-016,2.69401867451284E-016,2.59711490250389E-016,2.49434363259955E-016,2.38753372678596E-016,2.27826203145523E-016,2.16787544798514E-016,2.05751301236921E-016,1.94812739222505E-016,1.84050540043475E-016,1.73528726883268E-016,1.63298453313043E-016,1.53399645982133E-016,1.43862500355518E-016,1.34708832445898E-016,1.25953292305248E-016,1.17604446885926E-016,1.09665740995641E-016,1.02136345641836E-016
3.07998885636013E-017,6.03425865723057E-017,8.8647466792538E-017,1.1572377186125E-016,1.4157092698296E-016,1.66178761715755E-016,1.89527649643872E-016,2.11588573280469E-016,2.32323120327724E-016,2.51683416402241E-016,2.69611998479371E-016,2.86041632594362E-016,3.00895078740207E-016,2.97882823320829E-016,2.92927878200472E-016,2.86364441791848E-016,2.78494734202292E-016,2.69589133287879E-016,2.59887169675404E-016,2.49599095636277E-016,2.38907813599432E-016,2.27971005081881E-016,2.16923343320554E-016,2.0587870560485E-016,1.94932326360324E-016,1.8416285109396E-016,1.73634265698475E-016,1.63397686364754E-016,1.53493003284532E-016,1.43950377080951E-016,1.34791590986934E-016,1.26031264594805E-016,1.17677936834284E-016,1.09735026940701E-016,1.02201682738603E-016
3.08605718872038E-017,6.04543980387039E-017,8.88017173315585E-017,1.15912563977708E-016,1.41787092283236E-016,1.6641580913379E-016,1.89779723236172E-016,2.11850418655445E-016,2.32590058940423E-016,2.51951327086618E-016,2.69877305711038E-016,2.8630130108083E-016,3.01146614025817E-016,2.98121087000196E-016,2.93152827449923E-016,2.86576291887341E-016,2.78693883088002E-016,2.69776102283614E-016,2.6006255748765E-016,2.49763543229731E-016,2.39061977849994E-016,2.28115539461066E-016,2.17058884152465E-016,2.06005862690501E-016,1.95051676982107E-016,1.84274936598409E-016,1.73739590011574E-016,1.6349671592431E-016,1.53586167982037E-016,1.44038071894027E-016,1.34874178055791E-016,1.26109075554721E-016,1.17751275263157E-016,1.09804170818253E-016,1.02266886843421E-016
3.09212935366378E-017,6.05662616364671E-017,8.89560150420342E-017,1.16101384383339E-016,1.42003257131522E-016,1.66652820892034E-016,1.90031722303752E-016,2.12112149282394E-016,2.32856843069468E-016,2.52219045479049E-016,2.70142385839313E-016,2.8656071137627E-016,3.01397864161065E-016,2.98359056877555E-016,2.9337747788788E-016,2.86787841361572E-016,2.78892732303534E-016,2.69962774901696E-016,2.60237654166072E-016,2.49927706529005E-016,2.39215865923243E-016,2.28259806775409E-016,2.17194167781649E-016,2.06132772972644E-016,1.95170791554861E-016,1.84386797009483E-016,1.73844700258807E-016,1.63595542409921E-016,1.53679140473633E-016,1.44125585173683E-016,1.34956594010863E-016,1.2618672552263E-016,1.17824462489449E-016,1.09873172924703E-016,1.02331958232596E-016
3.09820534715545E-017,6.06781772772472E-017,8.91103597929825E-017,1.16290232917978E-016,1.42219421356295E-016,1.66889796827046E-016,1.90283646710316E-016,2.12373765069462E-016,2.33123472682075E-016,2.52486571617286E-016,2.70407238980607E-016,2.86819863680644E-016,3.01648829431477E-016,2.98596733286833E-016,2.93601829890511E-016,2.86999090626301E-016,2.79091282289422E-016,2.70149151604726E-016,2.60412460188925E-016,2.50091586022028E-016,2.39369478311318E-016,2.28403807516383E-016,2.17329194694624E-016,2.06259436929148E-016,1.95289670544691E-016,1.84498432778949E-016,1.73949596875538E-016,1.63694166238944E-016,1.53771921157484E-016,1.44212917298072E-016,1.35038839209798E-016,1.26264214835467E-016,1.17897498829408E-016,1.09942033555846E-016,1.02396897181868E-016
3.10428516516689E-017,6.07901448728492E-017,8.92647514536846E-017,1.16479109421842E-016,1.42435584786523E-016,1.67126736775963E-016,1.90535496320198E-016,2.12635265925433E-016,2.33389947746063E-016,2.52753905539592E-016,2.7067186525171E-016,2.87078758194121E-016,3.01899510122578E-016,2.98834116561825E-016,2.93825883833721E-016,2.87210040092897E-016,2.79289533485701E-016,2.70335232854704E-016,2.60586976033774E-016,2.50255182195965E-016,2.39522815505544E-016,2.28547542174601E-016,2.17463965377021E-016,2.0638585503698E-016,1.95408314416796E-016,1.84609844357679E-016,1.74054280296253E-016,1.63792587827884E-016,1.53864510430932E-016,1.44300068644562E-016,1.351209140095E-016,1.26341543829464E-016,1.17970384598625E-016,1.10010753006864E-016,1.02461703966413E-016
3.11036880367591E-017,6.09021643352313E-017,8.94191898936844E-017,1.16668013735527E-016,1.42651747251661E-016,1.67363640576497E-016,1.9078727099836E-016,2.12896651759728E-016,2.33656268229845E-016,2.53021047284744E-016,2.70936264769792E-016,2.87337395117078E-016,3.02149906519893E-016,2.99071207036189E-016,2.94049640093151E-016,2.87420690172341E-016,2.794874863319E-016,2.70521019113026E-016,2.60761202177496E-016,2.5041849553722E-016,2.39675877996429E-016,2.2869101123982E-016,2.17598480313586E-016,2.06512027772211E-016,1.95526723635479E-016,1.84721032195653E-016,1.74158750954566E-016,1.63890807592397E-016,1.53956908690501E-016,1.44387039589739E-016,1.35202818766133E-016,1.26418712840154E-016,1.18043120112038E-016,1.10079331572332E-016,1.02526378860844E-016
3.11645625866662E-017,6.10142355765037E-017,8.95736749827882E-017,1.16856945700008E-016,1.42867908581655E-016,1.67600508066935E-016,1.91038970610388E-016,2.13157922482401E-016,2.33922434102431E-016,2.53287996892026E-016,2.71200437652399E-016,2.87595774650093E-016,3.02400018908941E-016,2.99308005043449E-016,2.94273099044173E-016,2.87631041275224E-016,2.79685141267046E-016,2.70706510840482E-016,2.60935139096275E-016,2.50581526531438E-016,2.39828666273661E-016,2.28834215200938E-016,2.17732739988179E-016,2.06637955610012E-016,1.95644898664137E-016,1.84831996741959E-016,1.74263009283211E-016,1.63988825947287E-016,1.54049116331896E-016,1.44473830509405E-016,1.35284553835115E-016,1.26495722202371E-016,1.18115705683927E-016,1.10147769546215E-016,1.02590922139208E-016
3.12254752612946E-017,6.11263585089292E-017,8.97282065910638E-017,1.1704590515664E-016,1.43084068606937E-016,1.67837339086136E-016,1.91290595022493E-016,2.13419078004138E-016,2.34188445333424E-016,2.53554754401228E-016,2.7146438401745E-016,2.87853896993945E-016,3.02649847575235E-016,2.99544510916988E-016,2.94496261061891E-016,2.87841093811742E-016,2.79882498729661E-016,2.70891708497261E-016,2.61108787265607E-016,2.50744275663501E-016,2.39981180826114E-016,2.28977154545993E-016,2.17866744883777E-016,2.06763639024655E-016,1.95762839965271E-016,1.84942738444792E-016,1.74367055714052E-016,1.64086643306511E-016,1.54141133750004E-016,1.44560441778582E-016,1.35366119571124E-016,1.26572572250248E-016,1.18188141627921E-016,1.10216067221868E-016,1.02655334074993E-016
3.12864260206113E-017,6.12385330449219E-017,8.98827845888401E-017,1.17234891947154E-016,1.43300227158422E-016,1.68074133473527E-016,1.91542144101504E-016,2.13680118236253E-016,2.34454301893016E-016,2.53821319852641E-016,2.71728103983235E-016,2.88111762349613E-016,3.0289939280428E-016,2.9978072499005E-016,2.94719126521139E-016,2.88050848191702E-016,2.80079559157762E-016,2.71076612542942E-016,2.61282147160293E-016,2.50906743417529E-016,2.40133422141843E-016,2.29119829762168E-016,2.18000495482473E-016,2.06889078489517E-016,1.95880548000482E-016,1.85053257751459E-016,1.74470890678079E-016,1.64184260083176E-016,1.54232961338896E-016,1.4464687377151E-016,1.35447516328099E-016,1.26649263317224E-016,1.18260428256993E-016,1.1028422489204E-016,1.02719614941123E-016
3.13474148246459E-017,6.13507590970473E-017,9.0037408846706E-017,1.17423905913657E-016,1.43516384067512E-016,1.68310891069108E-016,1.91793617714872E-016,2.13941043090686E-016,2.34720003751982E-016,2.54087693287057E-016,2.71991597668411E-016,2.88369370918269E-016,3.03148654881569E-016,3.00016647595734E-016,2.94941695796477E-016,2.88260304824513E-016,2.80276322988857E-016,2.71261223436502E-016,2.61455219254448E-016,2.5106893027688E-016,2.40285390708089E-016,2.29262241335791E-016,2.18133992265477E-016,2.07014274477076E-016,1.95998023230472E-016,1.85163555108376E-016,1.74574514605409E-016,1.64281676689543E-016,1.54324599491826E-016,1.4473312686165E-016,1.35528744459237E-016,1.26725795736037E-016,1.18332565883465E-016,1.10352242848872E-016,1.02783765009958E-016
3.14084416334907E-017,6.14630365780221E-017,9.01920792355099E-017,1.17612946898631E-016,1.43732539166088E-016,1.6854761171344E-016,1.92045015730661E-016,2.14201852479999E-016,2.34985550881687E-016,2.54353874745764E-016,2.72254865192E-016,2.88626722901279E-016,3.03397634092583E-016,3.00252279066999E-016,2.95163969262196E-016,2.88469464119192E-016,2.8047279065995E-016,2.71445541636307E-016,2.61628004021491E-016,2.51230836724154E-016,2.40437087011274E-016,2.2940438975233E-016,2.18267235713117E-016,2.07139227458917E-016,1.96115266115046E-016,1.85273630961069E-016,1.74677927925288E-016,1.64378893537029E-016,1.54416048601235E-016,1.44819201421685E-016,1.35609804316997E-016,1.26802169838731E-016,1.18404554819006E-016,1.10420121383898E-016,1.02847784553302E-016
3.14695064073E-017,6.15753654007133E-017,9.03467956263592E-017,1.17802014744934E-016,1.43948692286514E-016,1.68784295247653E-016,1.9229633801755E-016,2.14462546317378E-016,2.3525094325407E-016,2.54619864270544E-016,2.72517906673388E-016,2.88883818500201E-016,3.03646330722788E-016,3.00487619736654E-016,2.95385947292307E-016,2.88678326484356E-016,2.80668962607532E-016,2.7162956760012E-016,2.61800501934152E-016,2.51392463241185E-016,2.40588511537005E-016,2.29546275496399E-016,2.18400226304838E-016,2.07263937905728E-016,1.96232277113113E-016,1.8538348575418E-016,1.74781131066093E-016,1.64475911036201E-016,1.54507309058749E-016,1.4490509782352E-016,1.35690696253099E-016,1.26878385956654E-016,1.18476395374635E-016,1.10487860788047E-016,1.02911673842393E-016
3.15306091062905E-017,6.1687745478138E-017,9.05015578906194E-017,1.17991109295794E-016,1.44164843261632E-016,1.69020941513439E-016,1.92547584444831E-016,2.14723124516624E-016,2.35516180841654E-016,2.54885661903671E-016,2.72780722232317E-016,2.89140657916778E-016,3.03894745057634E-016,3.00722669937362E-016,2.95607630260549E-016,2.88886892328225E-016,2.8086483926759E-016,2.71813301785094E-016,2.61972713464466E-016,2.51553810309049E-016,2.40739664770075E-016,2.29687899051757E-016,2.18532964519205E-016,2.07388406287304E-016,1.96349056682687E-016,1.8549311993146E-016,1.74884124455331E-016,1.64572729596786E-016,1.54598381255179E-016,1.44990816438282E-016,1.35771420618528E-016,1.26954444420458E-016,1.1854808786072E-016,1.10555461351641E-016,1.02975433147912E-016
3.15917496907409E-017,6.18001767234635E-017,9.06563658999134E-017,1.18180230394813E-016,1.44380991924764E-016,1.69257550353048E-016,1.92798754882405E-016,2.14983586992155E-016,2.35781263617535E-016,2.55151267687905E-016,2.73043311988889E-016,2.89397241352941E-016,3.0414287738255E-016,3.00957430001635E-016,2.95829018540381E-016,2.89095162058621E-016,2.81060421075597E-016,2.71996744647773E-016,2.62144639083779E-016,2.51714878408059E-016,2.40890547194458E-016,2.29829260901307E-016,2.18665450833901E-016,2.07512633072546E-016,1.96465605280885E-016,1.85602533935776E-016,1.7498690851964E-016,1.64669349627667E-016,1.54689265580528E-016,1.45076357636321E-016,1.35851977763531E-016,1.27030345560103E-016,1.18619632586977E-016,1.10622923364398E-016,1.0303906273998E-016
3.16529281209916E-017,6.19126590500059E-017,9.08112195261213E-017,1.18369377885964E-016,1.44597138109706E-016,1.69494121609294E-016,1.93049849200778E-016,2.15243933659004E-016,2.36046191555381E-016,2.55416681666495E-016,2.73305676063557E-016,2.89653569010803E-016,3.04390727982945E-016,3.01191900261836E-016,2.96050112504982E-016,2.89303136082964E-016,2.81255708466517E-016,2.72179896644094E-016,2.62316279262741E-016,2.51875668017766E-016,2.41041159293317E-016,2.29970361527097E-016,2.18797685725731E-016,2.07636618729463E-016,1.96581923363932E-016,1.8571172820911E-016,1.75089483684792E-016,1.64765771536882E-016,1.54779962423983E-016,1.45161721787215E-016,1.35932368037619E-016,1.27106089704855E-016,1.18691029862476E-016,1.10690247115433E-016,1.03102562888159E-016
3.17141443574446E-017,6.2025192371231E-017,9.09661186413789E-017,1.18558551613589E-016,1.4481328165073E-016,1.69730655125543E-016,1.93300867271065E-016,2.15504164432811E-016,2.36310964629431E-016,2.55681903883169E-016,2.73567814577129E-016,2.8990964109266E-016,3.04638297144206E-016,3.01426081050172E-016,2.96270912527251E-016,2.89510814808274E-016,2.81450701874801E-016,2.72362758229383E-016,2.62487634471313E-016,2.52036179616961E-016,2.41191501548996E-016,2.30111201410324E-016,2.18929669670619E-016,2.0776036372517E-016,1.9669801138716E-016,1.85820703192561E-016,1.75191850375692E-016,1.64861995731631E-016,1.54870472173926E-016,1.45246909259765E-016,1.36012591789569E-016,1.27181677183287E-016,1.18762279995638E-016,1.10757432893254E-016,1.03165933861451E-016
3.17753983605637E-017,6.21377766007527E-017,9.11210631180779E-017,1.18747751422398E-016,1.45029422382583E-016,1.69967150745721E-016,1.93551808964982E-016,2.15764279229827E-016,2.36575582814491E-016,2.55946934382137E-016,2.73829727650757E-016,2.90165457800982E-016,3.04885585151694E-016,3.01659972698697E-016,2.96491418979806E-016,2.89718198641168E-016,2.81645401734389E-016,2.72545329858357E-016,2.62658705178759E-016,2.52196413683674E-016,2.41341574443027E-016,2.30251781031329E-016,2.19061403143611E-016,2.07883868525895E-016,1.96813869805008E-016,1.85929459326343E-016,1.75294009016379E-016,1.64958022618273E-016,1.54960795217925E-016,1.45331920421999E-016,1.36092649367425E-016,1.27257108323281E-016,1.18833383294233E-016,1.1082448098577E-016,1.03229175928303E-016
3.18366900908739E-017,6.22504116523335E-017,9.12760528288647E-017,1.18936977157473E-016,1.45245560140482E-016,1.70203608314306E-016,1.93802674154844E-016,2.16024277966907E-016,2.36840046085933E-016,2.56211773208085E-016,2.74091415405942E-016,2.90421019338418E-016,3.05132592290742E-016,3.01893575539307E-016,2.96711632234979E-016,2.89925287987858E-016,2.81839808478705E-016,2.72727611985123E-016,2.62829491853653E-016,2.52356370695171E-016,2.41491378456127E-016,2.303921008696E-016,2.19192886618876E-016,2.08007133596972E-016,1.96929499071025E-016,1.86037997049788E-016,1.75395960030028E-016,1.65053852602325E-016,1.55050931942743E-016,1.45416755641175E-016,1.36172541118498E-016,1.27332383452028E-016,1.18904340065389E-016,1.10891391680286E-016,1.03292289356602E-016
3.18980195089613E-017,6.23630974398837E-017,9.14310876466398E-017,1.19126228664259E-016,1.45461694760117E-016,1.70440027676326E-016,1.94053462713568E-016,2.16284160561511E-016,2.37104354419687E-016,2.56476420406175E-016,2.74352877964529E-016,2.9067632590779E-016,3.05379318846655E-016,3.02126889903741E-016,2.96931552664818E-016,2.90132083254152E-016,2.82033922540662E-016,2.72909605063177E-016,2.62999994963874E-016,2.52516051127961E-016,2.41640914068199E-016,2.30532161403773E-016,2.19324120569706E-016,2.08130159402847E-016,1.97044899637867E-016,1.86146316801347E-016,1.75497703838953E-016,1.6514948608847E-016,1.55140882734334E-016,1.45501415283777E-016,1.36252267389365E-016,1.27407502896029E-016,1.18975150615585E-016,1.10958165263506E-016,1.0335527441368E-016
3.19593865754732E-017,6.24758338774612E-017,9.15861674445574E-017,1.19315505788567E-016,1.45677826077646E-016,1.70676408677363E-016,1.94304174514664E-016,2.16543926931698E-016,2.37368507792247E-016,2.56740876022039E-016,2.74614115448701E-016,2.9093137771209E-016,3.05625765104707E-016,3.02359916123575E-016,2.97151180641085E-016,2.90338584845454E-016,2.82227744352656E-016,2.73091309545402E-016,2.63170214976607E-016,2.52675455457788E-016,2.41790181758331E-016,2.30671963111634E-016,2.19455105468513E-016,2.08252946407077E-016,1.97160071957304E-016,1.86254419018593E-016,1.75599240864601E-016,1.6524492348055E-016,1.55230647977848E-016,1.45585899715519E-016,1.36331828525875E-016,1.27482466981098E-016,1.19045815250655E-016,1.11024802021532E-016,1.03418131366312E-016
3.20207912511176E-017,6.25886208792708E-017,9.17412920960246E-017,1.19504808376576E-016,1.45893953929696E-016,1.70912751163543E-016,1.94554809432239E-016,2.16803576996127E-016,2.37632506180661E-016,2.57005140101779E-016,2.7487512798098E-016,2.91186174954479E-016,3.05871931350139E-016,3.02592654530227E-016,2.97370516535252E-016,2.90544793166757E-016,2.82421274346567E-016,2.73272725884072E-016,2.63340152358345E-016,2.52834584159638E-016,2.41939182004801E-016,2.30811506470113E-016,2.19585841786837E-016,2.08375495072332E-016,1.97275016480215E-016,1.86362304138218E-016,1.75700571527561E-016,1.65340165181573E-016,1.55320228057626E-016,1.45670209301346E-016,1.36411224873144E-016,1.27557276032357E-016,1.19116334275788E-016,1.11091302239868E-016,1.03480860480718E-016
3.20822334966636E-017,6.27014583596645E-017,9.18964614747004E-017,1.19694136274826E-016,1.4611007815336E-016,1.71149054981542E-016,1.94805367340991E-016,2.17063110674051E-016,2.37896349562531E-016,2.57269212691962E-016,2.75135915684225E-016,2.91440717838287E-016,3.06117817868157E-016,3.02825105454949E-016,2.97589560718505E-016,2.9075070862265E-016,2.82614512953761E-016,2.73453854530847E-016,2.63509807574886E-016,2.52993437707735E-016,2.4208791528507E-016,2.30950791955295E-016,2.19716329995342E-016,2.08497805860396E-016,1.97389733656594E-016,1.86469972596035E-016,1.75801696247562E-016,1.65435211593711E-016,1.55409623357209E-016,1.45754344405435E-016,1.36490456775562E-016,1.27631930374244E-016,1.19186707995531E-016,1.11157666203416E-016,1.03543462022564E-016
3.21437132729404E-017,6.28143462331404E-017,9.20516754544958E-017,1.19883489330221E-016,1.46326198586197E-016,1.71385319978579E-016,1.95055848116207E-016,2.17322527885316E-016,2.38160037916011E-016,2.5753309383962E-016,2.75396478681626E-016,2.91695006567004E-016,3.06363424943931E-016,3.03057269228829E-016,2.97808313561735E-016,2.9095633161731E-016,2.82807460605084E-016,2.73634695936774E-016,2.63679181091335E-016,2.53152016575542E-016,2.42236382075789E-016,2.3108982004241E-016,2.19846570563817E-016,2.08619879232163E-016,1.97504223935546E-016,1.8657742482698E-016,1.75902615443471E-016,1.65530063118301E-016,1.55498834259332E-016,1.45838305391195E-016,1.36569524576787E-016,1.27706430330508E-016,1.19256936713786E-016,1.11223894196481E-016,1.0360593625696E-016
3.22052305408379E-017,6.29272844143428E-017,9.22069339095726E-017,1.20072867390027E-016,1.4654231506623E-016,1.71621546002417E-016,1.95306251633763E-016,2.17581828550362E-016,2.38423571219803E-016,2.57796783592246E-016,2.75656817096704E-016,2.91949041344283E-016,3.06608752862591E-016,3.03289146182787E-016,2.98026775435546E-016,2.91161662554506E-016,2.83000117730866E-016,2.73815250552289E-016,2.63848273372101E-016,2.53310321235762E-016,2.42384582852797E-016,2.31228591205842E-016,2.19976563961177E-016,2.08741715647646E-016,1.97618487765291E-016,1.86684661265115E-016,1.76003329533299E-016,1.65624720155849E-016,1.55587861145929E-016,1.45922092621267E-016,1.36648428619752E-016,1.27780776224215E-016,1.19327020733814E-016,1.11289986502771E-016,1.03668283448463E-016
3.22667852613063E-017,6.30402728180618E-017,9.23622367143427E-017,1.20262270301872E-016,1.46758427431944E-016,1.71857732901357E-016,1.95556577770121E-016,2.17841012590214E-016,2.38686949453156E-016,2.5806028199779E-016,2.75916931053307E-016,2.92202822373938E-016,3.06853801909227E-016,3.03520736647576E-016,2.98244946710245E-016,2.91366701837594E-016,2.83192484760917E-016,2.73995518827213E-016,2.640170848809E-016,2.53468352160339E-016,2.4253251809112E-016,2.31367105919123E-016,2.20106310655466E-016,2.08863315565972E-016,1.97732525593166E-016,1.86791682343626E-016,1.76103838934199E-016,1.65719183106028E-016,1.55676704398131E-016,1.46005706457529E-016,1.36727169246664E-016,1.27854968377744E-016,1.19396960358233E-016,1.11355943405393E-016,1.03730503861079E-016
3.23283773953556E-017,6.31533113592325E-017,9.25175837434679E-017,1.2045169791374E-016,1.46974535522284E-016,1.72093880524245E-016,1.95806826402324E-016,2.18100079926486E-016,2.38950172595861E-016,2.58323589104657E-016,2.76176820675609E-016,2.92456349859939E-016,3.07098572368886E-016,3.03752040953779E-016,2.98462827755844E-016,2.91571449869519E-016,2.8338456212453E-016,2.74175501210755E-016,2.64185616080755E-016,2.53626109820454E-016,2.42680188264972E-016,2.31505364654937E-016,2.20235811113854E-016,2.08984679445384E-016,1.97846337865622E-016,1.86898488494822E-016,1.76204144062469E-016,1.65813452367677E-016,1.55765364396273E-016,1.46089147261093E-016,1.36805746799003E-016,1.27929007112791E-016,1.19466755889021E-016,1.11421765186862E-016,1.03792597758257E-016
3.23900069040561E-017,6.32663999529352E-017,9.26729748718589E-017,1.2064115007398E-016,1.47190639176659E-016,1.72329988720459E-016,1.96056997408E-016,2.18359030481373E-016,2.39213240628252E-016,2.58586704961708E-016,2.76436486088106E-016,2.9270962400641E-016,3.07343064526573E-016,3.03983059431805E-016,2.98680418942063E-016,2.91775907052812E-016,2.83576350250476E-016,2.74355198151507E-016,2.64353867433994E-016,2.5378359468653E-016,2.42827593847758E-016,2.31643367885123E-016,2.20365065802639E-016,2.09105807743243E-016,1.97959925028228E-016,1.87005080150143E-016,1.76304245333549E-016,1.6590752833881E-016,1.55853841519886E-016,1.46172415392308E-016,1.36884161617525E-016,1.28002892750369E-016,1.19536407627518E-016,1.11487452129093E-016,1.038545654029E-016
3.24516737485378E-017,6.33795385143948E-017,9.28284099746746E-017,1.20830626631293E-016,1.47406738234931E-016,1.72566057339917E-016,1.96307090665354E-016,2.18617864177653E-016,2.39476153531199E-016,2.58849629618251E-016,2.76695927415615E-016,2.92962645017628E-016,3.07587278667243E-016,3.04213792411894E-016,2.9889772063832E-016,2.91980073789592E-016,2.83767849567005E-016,2.74534610097448E-016,2.64521839402247E-016,2.53940807228231E-016,2.42974735312071E-016,2.3178111608067E-016,2.20494075187252E-016,2.09226700916029E-016,1.98073287525673E-016,1.87111457740154E-016,1.76404143162029E-016,1.66001411416609E-016,1.55942136147706E-016,1.46255511210759E-016,1.36962414042262E-016,1.28076625610808E-016,1.19605915874423E-016,1.11553004513408E-016,1.03916407057355E-016
3.25133778899902E-017,6.34927269589804E-017,9.2983888927322E-017,1.21020127434742E-016,1.47622832537424E-016,1.7280208623307E-016,1.96557106053168E-016,2.18876580938683E-016,2.3973891128611E-016,2.59112363124043E-016,2.7695514478327E-016,2.93215413098022E-016,3.07831215075807E-016,3.04444240224106E-016,2.99114733213738E-016,2.92183950481559E-016,2.83959060501848E-016,2.74713737495944E-016,2.64689532446456E-016,2.54097747914458E-016,2.43121613129695E-016,2.31918609711721E-016,2.20622839732251E-016,2.09347359419341E-016,1.98186425801763E-016,1.87217621694551E-016,1.76503837961643E-016,1.66095101997429E-016,1.56030248657672E-016,1.46338435075272E-016,1.37040504412525E-016,1.2815020601376E-016,1.19675280929797E-016,1.11618422620535E-016,1.03978122983422E-016
3.25751192896625E-017,6.3605965202205E-017,9.31394116054549E-017,1.21209652333743E-016,1.47838921924915E-016,1.73038075250899E-016,1.96807043450801E-016,2.19135180688396E-016,2.40001513874925E-016,2.59374905529287E-016,2.77214138316519E-016,2.93467928452167E-016,3.08074874037124E-016,3.0467440319833E-016,2.99331457037138E-016,2.92387537530001E-016,2.84149983482212E-016,2.74892580793744E-016,2.64856947026863E-016,2.54254417213356E-016,2.43268227771602E-016,2.32055849247572E-016,2.20751359901325E-016,2.09467783707896E-016,1.98299340299425E-016,1.87323572442159E-016,1.76603330145274E-016,1.66188600476797E-016,1.56118179426926E-016,1.4642118734391E-016,1.37118433066901E-016,1.28223634278191E-016,1.19744503093063E-016,1.11683706730607E-016,1.0403971344235E-016
3.2636897908863E-017,6.37192531597249E-017,9.32949778849737E-017,1.21399201178068E-016,1.48055006238635E-016,1.73274024244921E-016,1.97056902738182E-016,2.19393663351299E-016,2.40263961280115E-016,2.59637256884626E-016,2.77472908141124E-016,2.93720191284785E-016,3.08318255836001E-016,3.04904281664273E-016,2.99547892477042E-016,2.92590835335787E-016,2.84340618934784E-016,2.7507114043698E-016,2.65024083603017E-016,2.54410815592309E-016,2.43414579707958E-016,2.32192835156676E-016,2.20879636157297E-016,2.09587974235536E-016,1.98412031460708E-016,1.87429310410934E-016,1.76702620124954E-016,1.66281907249417E-016,1.56205928831816E-016,1.46503768373978E-016,1.37196200343259E-016,1.28296910722394E-016,1.1981358266301E-016,1.11748857123165E-016,1.04101178694837E-016
3.26987137089596E-017,6.383259074734E-017,9.34505876420245E-017,1.21588773817843E-016,1.48271085320271E-016,1.73509933067176E-016,1.97306683795815E-016,2.19652028852471E-016,2.40526253484677E-016,2.59899417241147E-016,2.77731454383158E-016,2.93972201800741E-016,3.08561360757193E-016,3.05133875951465E-016,2.99764039901667E-016,2.92793844299368E-016,2.84530967285724E-016,2.75249416871172E-016,2.65190942633775E-016,2.54566943517944E-016,2.43560669408118E-016,2.3232956790664E-016,2.21007668962121E-016,2.09707931455222E-016,1.98524499726782E-016,1.87534836027964E-016,1.76801708311867E-016,1.66375022709167E-016,1.56293497247895E-016,1.46586178522023E-016,1.37273806578746E-016,1.28370035663979E-016,1.19882519937788E-016,1.11813874077158E-016,1.04162519001036E-016
3.27605666513787E-017,6.39459778809926E-017,9.36062407529987E-017,1.21778370103547E-016,1.4848715901196E-016,1.73745801570235E-016,1.97556386504771E-016,2.19910277117561E-016,2.40788390472139E-016,2.60161386650371E-016,2.77989777168999E-016,2.94223960205041E-016,3.08804189085398E-016,3.05363186389254E-016,2.99979899678928E-016,2.92996564820778E-016,2.84721028960672E-016,2.7542741054122E-016,2.65357524577296E-016,2.54722801456127E-016,2.43706497340628E-016,2.32466047964227E-016,2.21135458776885E-016,2.09827655819038E-016,1.98636745537942E-016,1.87640149719473E-016,1.76900595116347E-016,1.664679472491E-016,1.56380885049925E-016,1.46668418143833E-016,1.37351252109792E-016,1.28443009419879E-016,1.19951315214914E-016,1.11878757870942E-016,1.0422373462055E-016
3.28224566976062E-017,6.40594144767677E-017,9.37619370945325E-017,1.21967989886013E-016,1.48703227156288E-016,1.73981629607195E-016,1.97806010746686E-016,2.20168408072785E-016,2.41050372226546E-016,2.60423165164254E-016,2.78247876625332E-016,2.94475466702832E-016,3.0904674110526E-016,3.05592213306806E-016,3.00195472176437E-016,2.93198997299627E-016,2.84910804384742E-016,2.75605121891411E-016,2.65523829891046E-016,2.54878389871967E-016,2.43852063973229E-016,2.32602275795357E-016,2.2126300606181E-016,2.09947147778194E-016,1.98748769333606E-016,1.87745251910815E-016,1.76999280947881E-016,1.6656068126145E-016,1.56468092611875E-016,1.46750487594441E-016,1.37428537272107E-016,1.28515832306352E-016,1.20019968791271E-016,1.11943508782284E-016,1.04284825812435E-016
3.28843838091862E-017,6.41729004508923E-017,9.39176765435056E-017,1.22157633016423E-016,1.48919289596293E-016,1.74217417031674E-016,1.98055556403763E-016,2.20426421644923E-016,2.41312198732467E-016,2.60684752835186E-016,2.78505752879144E-016,2.94726721499396E-016,3.09289017101361E-016,3.05820957033102E-016,3.00410757761496E-016,2.9340114213511E-016,2.85100293982523E-016,2.75782551365413E-016,2.65689859031796E-016,2.55033709229815E-016,2.43997369772853E-016,2.32738251865107E-016,2.21390311276254E-016,2.10066407783023E-016,1.98860571552319E-016,1.87850143026482E-016,1.77097766215109E-016,1.66653225137627E-016,1.56555120306925E-016,1.46832387228124E-016,1.37505662400688E-016,1.2858850463898E-016,1.20088480963108E-016,1.12008127088361E-016,1.04345792835202E-016
3.29463479477217E-017,6.42864357197352E-017,9.40734589770414E-017,1.22347299346309E-016,1.49135346175459E-016,1.74453163697816E-016,1.98305023358768E-016,2.20684317761318E-016,2.41573869974989E-016,2.60946149715987E-016,2.78763406057724E-016,2.94977724800152E-016,3.09531017358225E-016,3.0604941789694E-016,3.00625756801104E-016,2.93602999725997E-016,2.85289498178079E-016,2.75959699406279E-016,2.65855612455623E-016,2.55188759993263E-016,2.44142415205624E-016,2.32873976637711E-016,2.2151737487871E-016,2.10185436282985E-016,1.9897215263175E-016,1.87954823490104E-016,1.77196051325826E-016,1.66745579268221E-016,1.56641968507465E-016,1.46914117398405E-016,1.37582627829812E-016,1.2866102673267E-016,1.20156852026043E-016,1.1207261306576E-016,1.04406635946814E-016
3.30083490748741E-017,6.44000201998065E-017,9.42292842725059E-017,1.22536988727556E-016,1.49351396737717E-016,1.74688869460281E-016,1.98554411495026E-016,2.20942096349874E-016,2.41835385939714E-016,2.61207355859901E-016,2.79020836288658E-016,2.95228476810651E-016,3.09772742160312E-016,3.06277596226928E-016,3.00840469661949E-016,2.93804570470637E-016,2.85478417394948E-016,2.76136566456442E-016,2.66021090617908E-016,2.55343542625146E-016,2.44287200736861E-016,2.33009450576565E-016,2.21644197326808E-016,2.10304233726665E-016,1.99083513008697E-016,1.88059293724444E-016,1.77294136686983E-016,1.66837744043006E-016,1.56728637585096E-016,1.46995678458054E-016,1.37659433893044E-016,1.28733398901653E-016,1.2022508227506E-016,1.12136966990481E-016,1.04467355404692E-016
3.30703871523632E-017,6.45136538077574E-017,9.43851523075073E-017,1.22726701012393E-016,1.49567441127444E-016,1.74924534174252E-016,1.98803720696423E-016,2.21199757339052E-016,2.42096746612757E-016,2.614683713206E-016,2.79278043699826E-016,2.95478977736574E-016,3.10014191792019E-016,3.06505492351489E-016,3.01054896710411E-016,2.94005854766954E-016,2.85667052056142E-016,2.76313152957721E-016,2.6618629397334E-016,2.55498057587542E-016,2.44431726831079E-016,2.33144674144221E-016,2.21770779077316E-016,2.10422800561779E-016,1.99194653119087E-016,1.88163554151409E-016,1.7739202270469E-016,1.66929719850935E-016,1.56815127910632E-016,1.47077070759088E-016,1.37736080923236E-016,1.2880562145949E-016,1.20293172004516E-016,1.12201189137935E-016,1.0452795146571E-016
3.31324621419666E-017,6.462733646038E-017,9.45410629598952E-017,1.22916436053399E-016,1.49783479189458E-016,1.75160157695426E-016,1.99052950847401E-016,2.2145730065787E-016,2.42357951980746E-016,2.61729196152179E-016,2.79535028419404E-016,2.95729227783732E-016,3.10255366537679E-016,3.06733106598854E-016,3.01269038312559E-016,2.9420685301245E-016,2.85855402584144E-016,2.76489459351316E-016,2.66351222975912E-016,2.55652305341773E-016,2.44575993951983E-016,2.33279647802393E-016,2.21897120586139E-016,2.10541137235167E-016,1.99305573397976E-016,1.88267605192043E-016,1.77489709784213E-016,1.67021507080146E-016,1.56901439854101E-016,1.47158294652775E-016,1.37812569252524E-016,1.28877694719069E-016,1.20361121508135E-016,1.12265279782948E-016,1.045884243862E-016
3.31945740055204E-017,6.47410680746064E-017,9.469701610776E-017,1.23106193703499E-016,1.49999510769024E-016,1.75395739880019E-016,1.99302101832954E-016,2.21714726235897E-016,2.42619002030813E-016,2.61989830409149E-016,2.79791790575857E-016,2.9597922715806E-016,3.10496266681555E-016,3.06960439297063E-016,3.01482894834149E-016,2.94407565604201E-016,2.86043469400912E-016,2.76665486077808E-016,2.66515878078922E-016,2.55806286348401E-016,2.44720002562478E-016,2.33414372011955E-016,2.22023222308323E-016,2.10659244192804E-016,1.9941627427955E-016,1.8837144726653E-016,1.77587198329977E-016,1.6711310611796E-016,1.56987573784748E-016,1.47239350489631E-016,1.37888899212336E-016,1.28949618992607E-016,1.20428931079013E-016,1.12329239199758E-016,1.04648774421949E-016
3.32567227049181E-017,6.48548485675089E-017,9.48530116294325E-017,1.23295973815964E-016,1.50215535711845E-016,1.75631280584756E-016,1.99551173538633E-016,2.21972034003255E-016,2.428798967506E-016,2.62250274146441E-016,2.8004833029794E-016,2.9622897606562E-016,3.10736892507842E-016,3.07187490773964E-016,3.01696466640627E-016,2.94607992938859E-016,2.86231252927874E-016,2.76841233577161E-016,2.66680259734975E-016,2.55960001067236E-016,2.44863753124662E-016,2.33548847232942E-016,2.22149084698053E-016,2.10777121879792E-016,1.99526756197129E-016,1.884750807942E-016,1.77684488745569E-016,1.67204517350885E-016,1.57073530071032E-016,1.47320238619424E-016,1.37965071133388E-016,1.29021394591651E-016,1.2049660100962E-016,1.12393067662019E-016,1.04709001828204E-016
3.33189082021113E-017,6.49686778562996E-017,9.50090494034833E-017,1.2348577624441E-016,1.50431553864064E-016,1.75866779666879E-016,1.99800165850537E-016,2.22229223890615E-016,2.43140636128252E-016,2.62510527419401E-016,2.80304647714693E-016,2.96478474712596E-016,3.10977244300666E-016,3.07414261357211E-016,3.01909754097123E-016,2.94808135412647E-016,2.86418753585931E-016,2.77016702288721E-016,2.66844368395981E-016,2.56113449957329E-016,2.45007246099831E-016,2.33683073924555E-016,2.22274708208657E-016,2.10894770740366E-016,1.99637019583163E-016,1.88578506193523E-016,1.77781581433737E-016,1.67295741164615E-016,1.5715930908063E-016,1.47400959391175E-016,1.38041085345685E-016,1.29093021827079E-016,1.20564131591797E-016,1.12456765442801E-016,1.04769106859671E-016
3.3381130459109E-017,6.50825558583295E-017,9.51651293087218E-017,1.23675600842794E-016,1.50647565072265E-016,1.76102236984138E-016,2.00049078655315E-016,2.22486295829192E-016,2.43401220152412E-016,2.62770590283788E-016,2.8056074295544E-016,2.9672772330529E-016,3.11217322344078E-016,3.07640751374262E-016,3.02122757568452E-016,2.95007993421363E-016,2.86605971795452E-016,2.77191892651216E-016,2.67008204513157E-016,2.56266633476975E-016,2.45150481948476E-016,2.33817052545153E-016,2.22400093292603E-016,2.11012191217894E-016,1.99747064869239E-016,1.88681723882114E-016,1.77878476796392E-016,1.67386777944033E-016,1.57244911180436E-016,1.47481513153157E-016,1.38116942178525E-016,1.291645010091E-016,1.20631523116758E-016,1.12520332814589E-016,1.04829089770512E-016
3.34433894379775E-017,6.51964824910891E-017,9.53212512241959E-017,1.2386544746542E-016,1.50863569183468E-016,1.76337652394792E-016,2.00297911840161E-016,2.2274324975075E-016,2.43661648812225E-016,2.63030462795768E-016,2.80816616149787E-016,2.96976722050126E-016,3.11457126922057E-016,3.0786696115238E-016,3.02335477419114E-016,2.95207567360375E-016,2.86792907976281E-016,2.77366805102754E-016,2.67171768537024E-016,2.56419552083717E-016,2.45293461130287E-016,2.33950783552262E-016,2.22525240401503E-016,2.11129383754877E-016,1.99856892486076E-016,1.88784734276734E-016,1.7797517523461E-016,1.6747762807321E-016,1.57330336736568E-016,1.47561900252897E-016,1.38192641960499E-016,1.29235832447258E-016,1.20698775875094E-016,1.12583770049288E-016,1.04888950814351E-016
3.35056851008407E-017,6.53104576722071E-017,9.54774150291915E-017,1.2405531596693E-016,1.51079566045129E-016,1.76573025757607E-016,2.00546665292817E-016,2.23000085587592E-016,2.43921922097331E-016,2.63290145011918E-016,2.81072267427618E-016,2.97225471153641E-016,3.11696658318506E-016,3.08092891018627E-016,3.0254791401329E-016,2.95406857624624E-016,2.86979562547728E-016,2.77541440080825E-016,2.67335060917412E-016,2.5657220623434E-016,2.45436184104152E-016,2.34084267402572E-016,2.22650149986114E-016,2.11246348792951E-016,1.99966502863531E-016,1.88887537793292E-016,1.7807167714863E-016,1.67568291935408E-016,1.57415586114359E-016,1.47642121037181E-016,1.3826818501949E-016,1.29307016450428E-016,1.20765890156771E-016,1.12647077418219E-016,1.04948690244275E-016
3.35680174098793E-017,6.54244813194509E-017,9.56336206032317E-017,1.24245206202311E-016,1.51295555505139E-016,1.76808356931856E-016,2.00795338901564E-016,2.2325680327256E-016,2.44182039997864E-016,2.63549636989219E-016,2.81327696919098E-016,2.97473970822487E-016,3.11935916817251E-016,3.08318541299868E-016,3.02760067714845E-016,2.95605864608621E-016,2.87165935928574E-016,2.77715798022301E-016,2.67498082103454E-016,2.56724596384875E-016,2.45578651328157E-016,2.34217504551939E-016,2.22774822496335E-016,2.11363086772889E-016,2.00075896430598E-016,1.88990134846843E-016,1.78167982937858E-016,1.67658769913079E-016,1.57500659678369E-016,1.47722175852046E-016,1.38343571682677E-016,1.29378053326823E-016,1.20832866251131E-016,1.12710255192121E-016,1.05008308312827E-016
3.36303863273313E-017,6.55385533507254E-017,9.57898678260761E-017,1.24435118026887E-016,1.51511537411824E-016,1.77043645777316E-016,2.01043932555227E-016,2.23513402739037E-016,2.4444200250445E-016,2.63808938785055E-016,2.81582904754661E-016,2.97722221263428E-016,3.12174902702039E-016,3.08543912322766E-016,3.02971938887322E-016,2.95804588706445E-016,2.8735202853707E-016,2.77889879363433E-016,2.67660832543591E-016,2.568767229906E-016,2.45720863259588E-016,2.34350495455383E-016,2.22899258381213E-016,2.114795981346E-016,2.0018507361541E-016,1.89092525851591E-016,1.7826409300087E-016,1.6774906238787E-016,1.57585557792377E-016,1.47802065042793E-016,1.38418802276533E-016,1.29448943383989E-016,1.20899704446892E-016,1.12773303641156E-016,1.05067805272018E-016
3.36927918154913E-017,6.56526736840735E-017,9.59461565777206E-017,1.24625051296322E-016,1.5172751161394E-016,1.77278892154264E-016,2.01292446143169E-016,2.23769883920939E-016,2.44701809608203E-016,2.64068050457211E-016,2.81837891065017E-016,2.9797022268334E-016,3.12413616256537E-016,3.08769004413783E-016,3.03183527893947E-016,2.96003030311747E-016,2.87537840790936E-016,2.78063684539855E-016,2.67823312685572E-016,2.57028586506039E-016,2.4586282035493E-016,2.34483240567093E-016,2.23023458088941E-016,2.1159588331713E-016,2.00294034845239E-016,1.89194711220892E-016,1.78360007735408E-016,1.67839169740619E-016,1.5767028081939E-016,1.47881788953977E-016,1.3849387712683E-016,1.29519686928811E-016,1.20966405032154E-016,1.12836223034904E-016,1.05127181373317E-016
3.37552338367108E-017,6.57668422376752E-017,9.61024867383964E-017,1.24815005866619E-016,1.51943477960675E-016,1.7751409592348E-016,2.01540879555288E-016,2.24026246752716E-016,2.44961461300727E-016,2.64326972063868E-016,2.82092655981147E-016,2.98217975289205E-016,3.12652057764331E-016,3.08993817899176E-016,3.03394835097622E-016,2.96201189817744E-016,2.87723373107357E-016,2.7823721398658E-016,2.67985522976449E-016,2.5718018738496E-016,2.46004523069869E-016,2.34615740340426E-016,2.23147422066859E-016,2.11711942758665E-016,2.00402780546497E-016,1.89296691367252E-016,1.78455727538384E-016,1.67929092351362E-016,1.57754829121637E-016,1.47961347929415E-016,1.38568796558635E-016,1.29590284267509E-016,1.21032968294393E-016,1.12899013642366E-016,1.05186436867659E-016
3.38177123533978E-017,6.58810589298476E-017,9.62588581885698E-017,1.25004981594117E-016,1.52159436301649E-016,1.77749256946242E-016,2.01789232682021E-016,2.2428249116935E-016,2.45220957574107E-016,2.64585703663605E-016,2.82347199634296E-016,2.98465479288111E-016,3.12890227508921E-016,3.09218353104997E-016,3.03605860860928E-016,2.96399067617221E-016,2.87908625902989E-016,2.78410468138002E-016,2.68147463862584E-016,2.57331526080382E-016,2.46145971859293E-016,2.34747995227905E-016,2.23271150761457E-016,2.11827776896532E-016,2.00511311144738E-016,1.8939846670233E-016,1.78551252805884E-016,1.6801883059933E-016,1.57839203060576E-016,1.48040742312186E-016,1.38643560896317E-016,1.29660735705646E-016,1.21099394520466E-016,1.12961675731968E-016,1.05245572005444E-016
3.38802273280168E-017,6.59953236790442E-017,9.6415270808941E-017,1.25194978335493E-016,1.52375386486907E-016,1.77984375084327E-016,2.02037505414335E-016,2.24538617106352E-016,2.45480298420911E-016,2.64844245315395E-016,2.82601522155979E-016,2.98712734887253E-016,3.13128125773725E-016,3.09442610357096E-016,3.03816605546121E-016,2.9659666410253E-016,2.88093599593955E-016,2.78583447427897E-016,2.68309135789645E-016,2.57482603044569E-016,2.46287167177289E-016,2.34880005681226E-016,2.23394644618373E-016,2.11943386167196E-016,2.00619627064659E-016,1.89500037636938E-016,1.78646583933163E-016,1.6810838486295E-016,1.57923402996891E-016,1.48119972444629E-016,1.38718170463543E-016,1.29731041548121E-016,1.21165683996612E-016,1.13024209571557E-016,1.05304587036537E-016
3.39427787230885E-017,6.6109636403855E-017,9.65717244804443E-017,1.2538499594776E-016,1.52591328366924E-016,1.78219450200006E-016,2.0228569764373E-016,2.24794624499757E-016,2.4573948383419E-016,2.65102597078599E-016,2.82855623677973E-016,2.98959742293926E-016,3.13365752842072E-016,3.09666589981109E-016,3.04027069515135E-016,2.9679397966559E-016,2.88278294595846E-016,2.78756152289418E-016,2.68470539202607E-016,2.57633418729033E-016,2.46428109477148E-016,2.35011772151252E-016,2.23517904082397E-016,2.12058771006268E-016,2.00727728730103E-016,1.89601404581046E-016,1.7874172131465E-016,1.68197755519849E-016,1.58007429290497E-016,1.48199038668348E-016,1.3879262558328E-016,1.29801202099175E-016,1.21231837008452E-016,1.13086615428404E-016,1.05363482210266E-016
3.40053665011897E-017,6.62239970230058E-017,9.67282190842469E-017,1.25575034288262E-016,1.528072617926E-016,1.78454482156046E-016,2.02533809262234E-016,2.25050513286129E-016,2.45998513807468E-016,2.6536075901297E-016,2.83109504332315E-016,2.99206501715525E-016,3.13603108997205E-016,3.0989029230247E-016,3.04237253129577E-016,2.96991014697884E-016,2.88462711323716E-016,2.78928583155103E-016,2.68631674545751E-016,2.57783973584534E-016,2.46568799211366E-016,2.35143295088018E-016,2.23640929597468E-016,2.12173931848499E-016,2.00835616564055E-016,1.89702567943775E-016,1.78836665343952E-016,1.68286942946854E-016,1.58091282300536E-016,1.48277941324212E-016,1.388669265778E-016,1.29871217662392E-016,1.21297853840988E-016,1.13148893569205E-016,1.0542225777543E-016
3.40679906249534E-017,6.6338405455358E-017,9.68847545017487E-017,1.25765093214681E-016,1.53023186615261E-016,1.78689470815706E-016,2.02781840162404E-016,2.25306283402551E-016,2.46257388334748E-016,2.65618731178647E-016,2.83363164251303E-016,2.99453013359546E-016,3.13840194522276E-016,3.10113717646399E-016,3.04447156750727E-016,2.9718776959046E-016,2.88646850192089E-016,2.79100740456866E-016,2.68792542262669E-016,2.57934268061083E-016,2.4670923683164E-016,2.35274574940732E-016,2.2376372160668E-016,2.12288869127786E-016,2.00943290988649E-016,1.89803528133408E-016,1.78931416413848E-016,1.68375947519992E-016,1.58174962385386E-016,1.48356680752354E-016,1.38941073768675E-016,1.29941088540698E-016,1.21363734778609E-016,1.13211044260083E-016,1.05480913980293E-016
3.41306510570684E-017,6.64528616199086E-017,9.70413306145814E-017,1.25955172585031E-016,1.53239102686654E-016,1.78924416042736E-016,2.03029790237321E-016,2.2556193478663E-016,2.46516107410505E-016,2.65876513636151E-016,2.83616603567492E-016,2.99699277433579E-016,3.14077009700346E-016,3.10336866337906E-016,3.04656780739541E-016,2.97384244733933E-016,2.88830711614955E-016,2.79272624626004E-016,2.68953142796258E-016,2.58084302607938E-016,2.46849422788872E-016,2.35405612157774E-016,2.23886280552278E-016,2.12403583277172E-016,2.01050752425165E-016,1.89904285557385E-016,1.79025974916297E-016,1.68464769614495E-016,1.58258469902652E-016,1.48435257292176E-016,1.39015067476785E-016,1.30010815036362E-016,1.21429480105086E-016,1.13273067766585E-016,1.05539451072586E-016
3.41933477602791E-017,6.65673654357891E-017,9.71979473046081E-017,1.26145272257656E-016,1.53455009858952E-016,1.79159317701377E-016,2.03277659380591E-016,2.25817467376487E-016,2.46774671029685E-016,2.66134106446387E-016,2.83869822413689E-016,2.99945294145309E-016,3.14313554814385E-016,3.1055973870179E-016,3.04866125456643E-016,2.97580440518477E-016,2.89014296005767E-016,2.79444236093192E-016,2.69113476588724E-016,2.58234077673607E-016,2.46989357533169E-016,2.35536407186695E-016,2.24008606875664E-016,2.12518074728844E-016,2.01158001294032E-016,1.90004840622305E-016,1.79120341242435E-016,1.68553409604794E-016,1.58341805209177E-016,1.48513671282345E-016,1.39088908022311E-016,1.30080397450999E-016,1.21495090103577E-016,1.13334964353688E-016,1.05597869299513E-016
3.42560806973857E-017,6.6681916822266E-017,9.73546044539227E-017,1.26335392091233E-016,1.53670907984748E-016,1.79394175656355E-016,2.03525447486341E-016,2.26072881110763E-016,2.47033079187701E-016,2.6639150967064E-016,2.84122820922958E-016,3.00191063702516E-016,3.14549830147267E-016,3.10782335062634E-016,3.05075191262331E-016,2.97776357333832E-016,2.89197603777447E-016,2.79615575288487E-016,2.6927354408158E-016,2.58383593705847E-016,2.47129041513843E-016,2.35666960474225E-016,2.24130701017394E-016,2.12632343914139E-016,2.0126503801483E-016,1.9010519373393E-016,1.79214515782578E-016,1.68641867864529E-016,1.58424968661038E-016,1.485919230608E-016,1.39162595724744E-016,1.3014983608557E-016,1.21560565056628E-016,1.13396734285796E-016,1.05656168907744E-016
3.43188498312438E-017,6.67965156987401E-017,9.75113019448495E-017,1.26525531944768E-016,1.53886796917052E-016,1.79628989772887E-016,2.03773154449218E-016,2.2632817592861E-016,2.47291331880434E-016,2.6664872337057E-016,2.84375599228611E-016,3.00436586313068E-016,3.14785835981771E-016,3.11004655744808E-016,3.0528397851657E-016,2.979719955693E-016,2.89380635342378E-016,2.79786642641325E-016,2.69433345715649E-016,2.58532851151669E-016,2.47268475179414E-016,2.35797272466266E-016,2.24252563417179E-016,2.12746391263542E-016,2.01371863006288E-016,1.90205345297181E-016,1.79308498926224E-016,1.68730144766543E-016,1.58507960613545E-016,1.48670012964749E-016,1.39236130902881E-016,1.30219131240383E-016,1.2162590524617E-016,1.1345837782674E-016,1.05714350143422E-016
3.43816551247643E-017,6.69111619847459E-017,9.76680396599422E-017,1.26715691677598E-016,1.54102676509297E-016,1.7986375991667E-016,2.04020780164387E-016,2.26583351769695E-016,2.47549429104229E-016,2.66905747608214E-016,2.84628157464209E-016,3.00681862184924E-016,3.1502157260058E-016,3.11226701072466E-016,3.05492487578996E-016,2.98167355613743E-016,2.8956339111241E-016,2.79957438580522E-016,2.69592881931061E-016,2.58681850457332E-016,2.47407658977608E-016,2.35927343607897E-016,2.24374194513889E-016,2.12860217206686E-016,2.0147847668629E-016,1.90305295716145E-016,1.79402291062051E-016,1.68818240682888E-016,1.5859078142125E-016,1.48747941330671E-016,1.39309513874828E-016,1.30288283215093E-016,1.21691110953525E-016,1.13519895239786E-016,1.05772413252159E-016
3.44444965409133E-017,6.70258555999518E-017,9.78248174819837E-017,1.26905871149387E-016,1.54318546615332E-016,1.8009848595389E-016,2.04268324527531E-016,2.26838408574193E-016,2.47807370855893E-016,2.67162582445982E-016,2.84880495763558E-016,3.00926891526129E-016,3.15257040286278E-016,3.11448471369544E-016,3.05700718808913E-016,2.98362437855586E-016,2.89745871498859E-016,2.80127963534274E-016,2.69752153167258E-016,2.58830592068347E-016,2.47546593355359E-016,2.36057174343373E-016,2.24495594745553E-016,2.12973822172359E-016,2.0158487947187E-016,1.90405045394074E-016,1.79495892577923E-016,1.68906155984824E-016,1.58673431437941E-016,1.48825708494319E-016,1.39382744958E-016,1.30357292308704E-016,1.21756182459404E-016,1.13581286787626E-016,1.05830358479041E-016
3.45073740427118E-017,6.71405964641595E-017,9.79816352939855E-017,1.27096070220128E-016,1.54534407089421E-016,1.80333167751209E-016,2.04515787434844E-016,2.27093346282786E-016,2.48065157132692E-016,2.67419227946655E-016,2.85132614260711E-016,3.01171674544815E-016,3.15492239321348E-016,3.11669966959761E-016,3.05908672565292E-016,2.98557242682814E-016,2.89928076912501E-016,2.80298217930159E-016,2.69911159862988E-016,2.58979076429478E-016,2.47685278758809E-016,2.36186765116129E-016,2.24616764549357E-016,2.13087206588497E-016,2.0169107177922E-016,1.90504594733384E-016,1.79589303860886E-016,1.68993891042819E-016,1.58755911016645E-016,1.48903314790719E-016,1.39455824469124E-016,1.30426158819572E-016,1.21821120043908E-016,1.13642552732386E-016,1.05888186068626E-016
3.45702875932361E-017,6.72553844973038E-017,9.81384929791868E-017,1.2728628875014E-016,1.54750257786246E-016,1.80567805175773E-016,2.04763168783035E-016,2.27348164836664E-016,2.4832278793235E-016,2.6767568417338E-016,2.8538451308996E-016,3.01416211449195E-016,3.15727169988175E-016,3.11891188166616E-016,3.06116349206771E-016,2.98751770482971E-016,2.9011000776358E-016,2.80468202195132E-016,2.70069902456309E-016,2.59127303984741E-016,2.47823715633309E-016,2.36316116368776E-016,2.2473770436165E-016,2.13200370882191E-016,2.01797054023687E-016,1.9060394413566E-016,1.79682525297174E-016,1.69081446226555E-016,1.58838220509631E-016,1.48980760554173E-016,1.39528752724238E-016,1.30494883045402E-016,1.2188592398653E-016,1.13703693335625E-016,1.05945896264947E-016
3.46332371556168E-017,6.7370219619452E-017,9.82953904210545E-017,1.27476526600067E-016,1.54966098560899E-016,1.80802398095206E-016,2.05010468469324E-016,2.2760286417752E-016,2.48580263253045E-016,2.67931951189673E-016,2.85636192385839E-016,3.01660502447566E-016,3.15961832569037E-016,3.12112135313386E-016,3.06323749091651E-016,2.98946021643162E-016,2.90291664461801E-016,2.80637916755529E-016,2.70228381384591E-016,2.59275275177405E-016,2.47961904423421E-016,2.36445228543107E-016,2.24858414617941E-016,2.13313315479686E-016,2.01902826619772E-016,1.90703094001654E-016,1.79775557272208E-016,1.69168821904924E-016,1.58920360268412E-016,1.49058046118256E-016,1.39601530038695E-016,1.30563465283253E-016,1.21950594566155E-016,1.13764708858334E-016,1.06003489311511E-016
3.46962226930396E-017,6.74851017508039E-017,9.8452327503282E-017,1.27666783630879E-016,1.55181929268889E-016,1.8103694637761E-016,2.05257686391439E-016,2.27857444247547E-016,2.4883758309341E-016,2.68188029059413E-016,2.8588765228312E-016,3.01904547748304E-016,3.16196227346111E-016,3.12332808723129E-016,3.065308725779E-016,2.99139996550048E-016,2.90473047416334E-016,2.80807362037067E-016,2.7038659708451E-016,2.59422990449992E-016,2.48099845572916E-016,2.36574102080093E-016,2.24978895752901E-016,2.13426040806382E-016,2.02008389981139E-016,1.90802044731289E-016,1.79868400170597E-016,1.69256018446032E-016,1.5900233064374E-016,1.49135171815825E-016,1.39674156727159E-016,1.30631905829535E-016,1.22015132061062E-016,1.1382559956094E-016,1.06060965451298E-016
3.47592441687443E-017,6.76000308116914E-017,9.86093041097893E-017,1.27857059703871E-016,1.55397749766135E-016,1.81271449891561E-016,2.05504822447614E-016,2.2811190498944E-016,2.49094747452527E-016,2.6844391784684E-016,2.86138892916811E-016,3.02148347559864E-016,3.16430354601468E-016,3.12553208718677E-016,3.0673772002315E-016,2.99333695589851E-016,2.90654157035809E-016,2.80976538464843E-016,2.70544549992057E-016,2.5957045024428E-016,2.48237539524777E-016,2.3670273741989E-016,2.25099148200365E-016,2.13538547286837E-016,2.02113744520607E-016,1.90900796723657E-016,1.79961054376138E-016,1.69343036217199E-016,1.59084131985616E-016,1.49212137979011E-016,1.39746633103613E-016,1.30700204980013E-016,1.22079536748925E-016,1.13886365703303E-016,1.06118324926768E-016
3.48223015460256E-017,6.77150067225782E-017,9.87663201247217E-017,1.2804735468066E-016,1.55613559908964E-016,1.8150590850611E-016,2.05751876536589E-016,2.28366246346388E-016,2.49351756329929E-016,2.68699617616557E-016,2.86389914422152E-016,3.02391902090775E-016,3.1666421461707E-016,3.1277333562264E-016,3.06944291784694E-016,2.9952711914835E-016,2.90834993728322E-016,2.81145446463333E-016,2.70702240542529E-016,2.59717655001299E-016,2.483749867212E-016,2.36831135001832E-016,2.25219172393334E-016,2.13650835344765E-016,2.02218890650159E-016,1.90999350377025E-016,1.80053520271823E-016,1.69429875584962E-016,1.59165764643285E-016,1.49288944939228E-016,1.39818959481354E-016,1.30768363029809E-016,1.22143808906812E-016,1.13947007544722E-016,1.06175567979854E-016
3.48853947882318E-017,6.78300294040592E-017,9.89233754324499E-017,1.28237668423186E-016,1.55829359554116E-016,1.81740322090781E-016,2.0599884855761E-016,2.28620468262081E-016,2.49608609725593E-016,2.6895512843352E-016,2.86640716934617E-016,3.02635211549643E-016,3.16897807674775E-016,3.12993189757403E-016,3.0715058821949E-016,2.9972026761088E-016,2.91015557901432E-016,2.81314086456394E-016,2.70859669170539E-016,2.59864605161337E-016,2.48512187603593E-016,2.3695929526444E-016,2.25338968763971E-016,2.13762905403039E-016,2.02323828780939E-016,1.9109770608883E-016,1.80145798239833E-016,1.69516536915075E-016,1.59247228965239E-016,1.4936559302717E-016,1.39891136172996E-016,1.308363802734E-016,1.22207948811189E-016,1.1400752534393E-016,1.06232694851971E-016
3.49485238587659E-017,6.79450987768605E-017,9.90804699175692E-017,1.2842800079371E-016,1.56045148558736E-016,1.8197469051557E-016,2.06245738410421E-016,2.28874570680697E-016,2.49865307639942E-016,2.69210450363043E-016,2.86891300589908E-016,3.02878276145145E-016,3.17131134056327E-016,3.13212771445124E-016,3.07356609684155E-016,2.99913141362334E-016,2.91195849962157E-016,2.81482458867263E-016,2.71016836310006E-016,2.60011301163934E-016,2.48649142612578E-016,2.37087218645416E-016,2.2545853774361E-016,2.13874757883693E-016,2.02428559323253E-016,1.91195864255687E-016,1.80237888661543E-016,1.6960302057251E-016,1.59328525299218E-016,1.49442082572812E-016,1.39963163490475E-016,1.3090425700462E-016,1.22271956737918E-016,1.14067919359102E-016,1.06289705784009E-016
3.50116887210845E-017,6.80602147618393E-017,9.92376034648988E-017,1.28618351654816E-016,1.56260926780379E-016,1.82209013650941E-016,2.06492545995267E-016,2.29128553546909E-016,2.50121850073842E-016,2.69465583470794E-016,2.87141665523957E-016,3.03121096086031E-016,3.17364194043363E-016,3.13432081007733E-016,3.07562356534966E-016,3.00105740787161E-016,2.91375870316979E-016,2.81650564118557E-016,2.71173742394163E-016,2.60157743447891E-016,2.48785852187989E-016,2.37214905581649E-016,2.2557787976275E-016,2.13986393207923E-016,2.02533082686572E-016,1.91293825273384E-016,1.80329791917524E-016,1.6968932692146E-016,1.59409653992212E-016,1.49518413905413E-016,1.40035041745045E-016,1.30971993516663E-016,1.2233583296226E-016,1.14128189847848E-016,1.06346601016339E-016
3.50748893386983E-017,6.81753772799828E-017,9.93947759594815E-017,1.28808720869405E-016,1.56476694077002E-016,1.82443291367827E-016,2.06739271212893E-016,2.29382416805877E-016,2.50378237028597E-016,2.69720527822789E-016,2.8739181187292E-016,3.0336367158112E-016,3.17596987917403E-016,3.13651118766934E-016,3.07767829127863E-016,3.00298066269364E-016,2.91555619371843E-016,2.81818402632274E-016,2.71330387855556E-016,2.60303932451262E-016,2.48922316768878E-016,2.37342356509213E-016,2.25696995251058E-016,2.14097811796084E-016,2.02637399279532E-016,1.91391589536889E-016,1.80421508387543E-016,1.69775456325337E-016,1.59490615390463E-016,1.49594587353517E-016,1.40106771247279E-016,1.3103959010208E-016,1.22399577758876E-016,1.1418833706722E-016,1.06403380788811E-016
3.51381256751715E-017,6.82905862524088E-017,9.95519872865828E-017,1.28999108300699E-016,1.5669245030697E-016,1.82677523537628E-016,2.06985913964537E-016,2.2963616040325E-016,2.50634468505951E-016,2.69975283485398E-016,2.87641739773178E-016,3.03606002839296E-016,3.17829515959859E-016,3.13869885044199E-016,3.07973027818442E-016,3.00490118192503E-016,2.91735097532154E-016,2.81985974829792E-016,2.71486773126042E-016,2.6044986861136E-016,2.49058536793511E-016,2.3746957186337E-016,2.25815884637374E-016,2.14209014067698E-016,2.02741509509938E-016,1.91489157440346E-016,1.80513038450563E-016,1.69861409146776E-016,1.59571409839464E-016,1.49670603244953E-016,1.40178352307076E-016,1.31107047052786E-016,1.22463191401827E-016,1.1424836127371E-016,1.06460045340758E-016
3.52013976941221E-017,6.84058416003648E-017,9.97092373316909E-017,1.29189513812236E-016,1.56908195329049E-016,1.8291171003221E-016,2.07232474151933E-016,2.29889784285163E-016,2.50890544508082E-016,2.70229850525332E-016,2.87891449361333E-016,3.03848090069513E-016,3.18061778452024E-016,3.14088380160771E-016,3.08177952961957E-016,3.00681896939692E-016,2.9191430520278E-016,2.8215328113187E-016,2.7164289863679E-016,2.60595552364756E-016,2.49194512699372E-016,2.3759655207857E-016,2.25934548349705E-016,2.14320000441449E-016,2.0284541378476E-016,1.91586529377081E-016,1.80604382484746E-016,1.69947185747636E-016,1.5965203768396E-016,1.49746461906837E-016,1.40249785233656E-016,1.31174364660056E-016,1.22526674164574E-016,1.14308262723251E-016,1.06516594910994E-016
3.52647053592214E-017,6.85211432452277E-017,9.98665259805156E-017,1.29379937267876E-016,1.57123929002408E-016,1.831458507239E-016,2.0747895167731E-016,2.30143288398233E-016,2.51146465037604E-016,2.70484229009652E-016,2.88140940774206E-016,3.04089933480786E-016,3.18293775675075E-016,3.14306604437661E-016,3.08382604913322E-016,3.00873402893599E-016,2.92093242788048E-016,2.82320321958646E-016,2.71798764818282E-016,2.60740984147279E-016,2.49330244923161E-016,2.37723297588449E-016,2.26052986815233E-016,2.14430771335189E-016,2.0294911251014E-016,1.91683705739599E-016,1.80695540867456E-016,1.70032786489002E-016,1.59732499267953E-016,1.49822163665574E-016,1.40321070335563E-016,1.31241543214527E-016,1.22590026319982E-016,1.14368041671219E-016,1.06573029737815E-016
3.53280486341942E-017,6.8636491108504E-017,1.00023853118988E-016,1.29570378531791E-016,1.57339651186618E-016,1.83379945485491E-016,2.07725346443385E-016,2.3039667268956E-016,2.51402230097562E-016,2.70738419005758E-016,2.88390214148838E-016,3.04331533282193E-016,3.18525507910075E-016,3.14524558195647E-016,3.08586984027105E-016,3.01064636436446E-016,2.92271910691749E-016,2.8248709772964E-016,2.71954372100314E-016,2.60886164394017E-016,2.49465733900798E-016,2.37849808825836E-016,2.26171200460313E-016,2.14541327165936E-016,2.03052606091388E-016,1.91780686919589E-016,1.80786513975257E-016,1.70118211731184E-016,1.598127949347E-016,1.49897708846857E-016,1.40392207920668E-016,1.313085830062E-016,1.2265324814032E-016,1.14427698372434E-016,1.06629350059E-016
3.53914274828182E-017,6.87518851118289E-017,1.0018121863326E-016,1.2976083746847E-016,1.57555361741648E-016,1.83613994190234E-016,2.07971658353365E-016,2.30649937106721E-016,2.5165783969143E-016,2.70992420581392E-016,2.88639269622486E-016,3.04572889682875E-016,3.18756975437964E-016,3.14742241755275E-016,3.08791090657531E-016,3.01255597950009E-016,2.92450309317134E-016,2.82653608863754E-016,2.72109720911997E-016,2.61031093539319E-016,2.49600980067419E-016,2.37976086222749E-016,2.26289189710471E-016,2.14651668349876E-016,2.03155894932987E-016,1.91877473307923E-016,1.80877302183914E-016,1.70203461833718E-016,1.59892925026714E-016,1.4997309777567E-016,1.40463198296169E-016,1.31375484324444E-016,1.22716339897259E-016,1.14487233081161E-016,1.06685556111814E-016
3.54548418689245E-017,6.88673251769662E-017,1.00338622409704E-016,1.29951313942718E-016,1.57771060527867E-016,1.8384799671184E-016,2.08217887310945E-016,2.30903081597774E-016,2.51913293823109E-016,2.71246233804636E-016,2.88888107332619E-016,3.04814002892029E-016,3.18988178539564E-016,3.14959655436853E-016,3.08994925158481E-016,3.01446287815615E-016,2.92628439066914E-016,2.82819855779269E-016,2.72264811681752E-016,2.61175772016793E-016,2.49735983857383E-016,2.38102130210398E-016,2.26406954990411E-016,2.14761795302365E-016,2.03258979438595E-016,1.91974065294658E-016,1.80967905868398E-016,1.70288537155371E-016,1.59972889885768E-016,1.50048330776289E-016,1.4053404176859E-016,1.3144224745799E-016,1.22779301861878E-016,1.14546646051108E-016,1.06741648133007E-016
3.5518291756397E-017,6.89828112258082E-017,1.00496064334912E-016,1.30141807819654E-016,1.57986747406042E-016,1.84081952924479E-016,2.08464033220306E-016,2.31156106111251E-016,2.52168592496929E-016,2.71499858743907E-016,2.89136727416918E-016,3.05054873118912E-016,3.19219117495576E-016,3.15176799560458E-016,3.09198487883489E-016,3.01636706414144E-016,2.92806300343261E-016,2.82985838893848E-016,2.72419644837318E-016,2.61320200259309E-016,2.49870745704267E-016,2.38227941219187E-016,2.26524496724014E-016,2.14871708437928E-016,2.0336186001104E-016,1.92070463269037E-016,1.81058325402884E-016,1.70373438054139E-016,1.60052689852894E-016,1.50123408172282E-016,1.40604738643786E-016,1.31508872694938E-016,1.22842134304659E-016,1.1460593753543E-016,1.06797626358814E-016
3.55817771091724E-017,6.90983431803751E-017,1.00653544295694E-016,1.30332318964709E-016,1.58202422237336E-016,1.84315862702777E-016,2.08710095986113E-016,2.31409010596157E-016,2.52423735717638E-016,2.71753295467956E-016,2.89385130013278E-016,3.05295500572835E-016,3.19449792586578E-016,3.15393674445925E-016,3.09401779185744E-016,3.01826854126029E-016,2.92983893547808E-016,2.83151558624534E-016,2.72574220805748E-016,2.61464378698997E-016,2.5000526604087E-016,2.3835351967871E-016,2.26641815334335E-016,2.14981408170265E-016,2.03464537052329E-016,1.9216666761949E-016,1.81148561160755E-016,1.70458164887249E-016,1.60132325268384E-016,1.50198330286513E-016,1.40675289226942E-016,1.31575360322756E-016,1.22904837495496E-016,1.14665107786731E-016,1.06853491024957E-016
3.56452978912401E-017,6.9213920962815E-017,1.0081106217908E-016,1.30522847243628E-016,1.58418084883306E-016,1.84549725921815E-016,2.08956075513512E-016,2.3166179500197E-016,2.52678723490411E-016,2.72006544045867E-016,2.89633315259798E-016,3.05535885463166E-016,3.19680204093023E-016,3.15610280412857E-016,3.09604799418085E-016,3.02016731331254E-016,2.93161219081648E-016,2.83317015387754E-016,2.72728540013408E-016,2.61608307767251E-016,2.50139545299215E-016,2.38478866017759E-016,2.26758911243611E-016,2.15090894912245E-016,2.03567010963644E-016,1.92262678733638E-016,1.81238613514601E-016,1.70542718011162E-016,1.60211796471794E-016,1.5027309744114E-016,1.40745693822572E-016,1.31641710628282E-016,1.22967411703687E-016,1.14724157057061E-016,1.06909242366646E-016
3.57088540666421E-017,6.93295444954032E-017,1.00968617872318E-016,1.30713392522466E-016,1.58633735205906E-016,1.84783542457126E-016,2.09201971708131E-016,2.31914459278637E-016,2.52933555820839E-016,2.72259604547054E-016,2.89881283294785E-016,3.05776027999323E-016,3.19910352295241E-016,3.15826617780614E-016,3.09807548933009E-016,3.02206338409354E-016,2.93338277345336E-016,2.83482209599313E-016,2.72882602885983E-016,2.61751987894726E-016,2.50273583910546E-016,2.38603980664321E-016,2.26875784873257E-016,2.15200169075914E-016,2.03669282145347E-016,1.92358496998289E-016,1.8132848283622E-016,1.70627097781572E-016,1.60291103801942E-016,1.50347709957618E-016,1.40815952734526E-016,1.31707923897723E-016,1.23029857197942E-016,1.14783085597919E-016,1.06964880618579E-016
3.57724455994728E-017,6.94452137005422E-017,1.01126211262872E-016,1.3090395466759E-016,1.58849373067482E-016,1.85017312184699E-016,2.09447784476077E-016,2.32167003376573E-016,2.53188232714931E-016,2.72512477041262E-016,2.90129034256751E-016,3.06015928390775E-016,3.20140237473434E-016,3.16042686868319E-016,3.10010028082658E-016,3.02395675739415E-016,2.93515068738886E-016,2.83647141674402E-016,2.73036409848472E-016,2.61895419511343E-016,2.50407382305331E-016,2.38728864045579E-016,2.26992436643868E-016,2.15309231072494E-016,2.03771350996977E-016,1.92454122799446E-016,1.81418169496621E-016,1.70711304553407E-016,1.6037024759691E-016,1.50422168156699E-016,1.40886066265985E-016,1.31774000416659E-016,1.23092174246381E-016,1.14841893660255E-016,1.07020406014945E-016
3.5836072453879E-017,6.95609285007614E-017,1.01283842238425E-016,1.31094533545677E-016,1.59064998330771E-016,1.85251034980969E-016,2.09693513723933E-016,2.32419427246661E-016,2.53442754179112E-016,2.72765161598558E-016,2.9037656828441E-016,3.06255586847041E-016,3.20369859907677E-016,3.16258487994852E-016,3.10212237218831E-016,3.02584743700072E-016,2.9369159366177E-016,2.83811812027588E-016,2.7318996132519E-016,2.62038603046284E-016,2.50540940913264E-016,2.38853516587912E-016,2.27108866975223E-016,2.1541808131238E-016,2.03873217917255E-016,1.92549556522301E-016,1.81507673866027E-016,1.70795338680835E-016,1.60449228194048E-016,1.50496472358435E-016,1.40956034719467E-016,1.31839940470042E-016,1.23154363116535E-016,1.1490058149447E-016,1.07075818789422E-016
3.58997345940595E-017,6.96766888187167E-017,1.01441510686875E-016,1.31285129023714E-016,1.59280610858901E-016,1.85484710722824E-016,2.09939159358759E-016,2.32671730840245E-016,2.5369712022022E-016,2.73017658289337E-016,2.90623885516677E-016,3.06495003577689E-016,3.20599219877917E-016,3.16474021478855E-016,3.10414176692973E-016,3.02773542669511E-016,2.93867852512922E-016,2.83976221072826E-016,2.7334325773977E-016,2.62181538927998E-016,2.50674260163262E-016,2.389779387169E-016,2.27225076286283E-016,2.15526720205148E-016,2.03974883304085E-016,1.92644798551242E-016,1.81596996313871E-016,1.70879200517258E-016,1.60528045929973E-016,1.50570622882179E-016,1.41025858396824E-016,1.31905744342197E-016,1.23216424075347E-016,1.14959149350415E-016,1.07131119175179E-016
3.59634319842652E-017,6.97924945771901E-017,1.01599216496337E-016,1.31475740968993E-016,1.59496210515391E-016,1.85718339287598E-016,2.10184721288088E-016,2.32923914109134E-016,2.53951330845504E-016,2.73269967184315E-016,2.90870986092666E-016,3.06734178792332E-016,3.20828317663971E-016,3.16689287638724E-016,3.1061584685618E-016,3.02962073025469E-016,2.94043845690738E-016,2.8414036922345E-016,2.73496299515161E-016,2.62324227584199E-016,2.5080734048347E-016,2.39102130857322E-016,2.27341064995191E-016,2.15635148159552E-016,2.04076347554551E-016,1.92739849269854E-016,1.81686137208802E-016,1.7096289041532E-016,1.60606701140569E-016,1.50644620046585E-016,1.41095537599248E-016,1.31971412316824E-016,1.23278357389175E-016,1.15017597477396E-016,1.07186307404877E-016
3.60271645887992E-017,6.99083456990897E-017,1.01756959555141E-016,1.31666369249119E-016,1.59711797164149E-016,1.85951920553073E-016,2.10430199419925E-016,2.33175977005595E-016,2.54205386062624E-016,2.73522088354528E-016,2.91117870151689E-016,3.06973112700627E-016,3.21057153545523E-016,3.16904286792613E-016,3.10817248059197E-016,3.0315033514523E-016,2.94219573593071E-016,2.84304256892176E-016,2.73649087073631E-016,2.62466669441866E-016,2.50940182301262E-016,2.39226093433156E-016,2.27456833519278E-016,2.15743365583526E-016,2.04177611064924E-016,1.92834709060915E-016,1.81775096918684E-016,1.71046408726903E-016,1.6068519416099E-016,1.50718464169608E-016,1.41165072627265E-016,1.32036944677E-016,1.23340163323791E-016,1.15075926124171E-016,1.07241383710669E-016
3.6090932372016E-017,7.00242421074491E-017,1.01914739751831E-016,1.31857013731998E-016,1.59927370669468E-016,1.86185454397473E-016,2.10675593662747E-016,2.33427919482356E-016,2.54459285879644E-016,2.73774021871331E-016,2.91364537833251E-016,3.07211805512275E-016,3.21285727802128E-016,3.17119019258434E-016,3.11018380652418E-016,3.03338329405628E-016,2.94395036617233E-016,2.84467884491103E-016,2.73801620836766E-016,2.62608864927245E-016,2.51072786043235E-016,2.39349826867583E-016,2.27572382275062E-016,2.15851372884187E-016,2.0427867423066E-016,1.92929378306404E-016,1.81863875810599E-016,1.71129755803133E-016,1.60763525325663E-016,1.50792155568509E-016,1.41234463780746E-016,1.32102341705177E-016,1.23401842144382E-016,1.15134135538953E-016,1.07296348324205E-016
3.61547352983221E-017,7.01401837254273E-017,1.02072556975167E-016,1.32047674285847E-016,1.60142930896031E-016,1.8641894069947E-016,2.10920903925496E-016,2.33679741492599E-016,2.54713030305038E-016,2.74025767806395E-016,2.91610989277052E-016,3.07450257437018E-016,3.21514040713205E-016,3.17333485353849E-016,3.11219244985883E-016,3.03526056183044E-016,2.94570235159999E-016,2.84631252431715E-016,2.7395390122547E-016,2.6275081446585E-016,2.51205152135221E-016,2.39473331582986E-016,2.27687711678244E-016,2.15959170467832E-016,2.04379537446403E-016,1.93023857387497E-016,1.81952474250847E-016,1.71212931994378E-016,1.60841694968286E-016,1.50865694559853E-016,1.41303711358898E-016,1.32167603683188E-016,1.23463394115552E-016,1.15192225969411E-016,1.07351201476624E-016
3.62185733321754E-017,7.02561704763084E-017,1.02230411114121E-016,1.32238350779185E-016,1.60358477708902E-016,1.86652379338176E-016,2.11166130117586E-016,2.33931442989963E-016,2.5496661934768E-016,2.74277326231706E-016,2.91857224622983E-016,3.07688468684639E-016,3.2174209255804E-016,3.17547685396279E-016,3.11419841409282E-016,3.0371351585341E-016,2.947451696176E-016,2.84794361124876E-016,2.74105928659965E-016,2.62892518482462E-016,2.51337281002276E-016,2.39596608000952E-016,2.27802822143719E-016,2.16066758739944E-016,2.04480201105983E-016,1.93118146684574E-016,1.82040892604948E-016,1.71295937650252E-016,1.60919703421831E-016,1.50939081459514E-016,1.41372815660273E-016,1.32232730892243E-016,1.23524819501323E-016,1.15250197662671E-016,1.07405943398567E-016
3.62824464380852E-017,7.03722022835011E-017,1.02388302057881E-016,1.32429043080837E-016,1.60574010973533E-016,1.86885770193142E-016,2.11411272148893E-016,2.34183023928538E-016,2.55220053016846E-016,2.74528697219563E-016,2.92103244011126E-016,3.07926439464958E-016,3.21969883615781E-016,3.17761619702895E-016,3.11620170271947E-016,3.03900708792204E-016,2.9491984038573E-016,2.84957210980834E-016,2.74257703559794E-016,2.63033977401133E-016,2.51469173068691E-016,2.39719656542272E-016,2.27917714085569E-016,2.16174138105191E-016,2.04580665602422E-016,1.93212246577214E-016,1.82129131237642E-016,1.71378773119611E-016,1.60997551018544E-016,1.5101231658267E-016,1.41441776982764E-016,1.32297723612932E-016,1.23586118565134E-016,1.15308050865315E-016,1.07460574320165E-016
3.63463545806123E-017,7.04882790705387E-017,1.02546229695845E-016,1.32619751059931E-016,1.60789530555759E-016,1.87119113144361E-016,2.11656329929758E-016,2.34434484262867E-016,2.55473331322213E-016,2.74779880842575E-016,2.9234904758175E-016,3.08164169987832E-016,3.22197414165442E-016,3.1797528859062E-016,3.1182023192286E-016,3.0408763537445E-016,2.95094247859539E-016,2.85119802409222E-016,2.74409226343821E-016,2.63175191645182E-016,2.51600828757985E-016,2.39842477626943E-016,2.28032387917066E-016,2.16281308967426E-016,2.04680931327932E-016,1.933061574442E-016,1.82217190512892E-016,1.71461438750563E-016,1.61075238089949E-016,1.51085400243811E-016,1.4151059562361E-016,1.32362582125228E-016,1.23647291569845E-016,1.15365785823384E-016,1.07515094471049E-016
3.64102977243686E-017,7.06044007610785E-017,1.02704193917624E-016,1.32810474585899E-016,1.61005036321794E-016,1.87352408072265E-016,2.11901303370985E-016,2.34685823947941E-016,2.55726454273854E-016,2.75030877173659E-016,2.92594635475311E-016,3.08401660463155E-016,3.22424684485897E-016,3.1818869237613E-016,3.12020026710647E-016,3.04274295974723E-016,2.9526839243364E-016,2.85282135819054E-016,2.74560497430227E-016,2.63316161637198E-016,2.51732248492913E-016,2.39965071674168E-016,2.28146844050677E-016,2.16388271729691E-016,2.04780998673917E-016,1.9339987966352E-016,1.82305070793885E-016,1.7154393489046E-016,1.61152764966847E-016,1.51158332756736E-016,1.41579271879396E-016,1.32427306708486E-016,1.23708338777737E-016,1.15423402782379E-016,1.07569504080349E-016
3.64742758340169E-017,7.07205672789019E-017,1.02862194613043E-016,1.33001213528472E-016,1.61220528138235E-016,1.8758565485772E-016,2.12146192383837E-016,2.34937042939199E-016,2.55979421882239E-016,2.75281686286042E-016,2.92840007832448E-016,3.08638911100853E-016,3.22651694855882E-016,3.1840183137585E-016,3.12219554983577E-016,3.04460690967142E-016,2.95442274502103E-016,2.85444211618729E-016,2.74711517236517E-016,2.63456887799042E-016,2.5186343269546E-016,2.40087439102359E-016,2.28261082898059E-016,2.16495026794217E-016,2.04880868030975E-016,1.93493413612368E-016,1.82392772443034E-016,1.71626261885907E-016,1.61230131979316E-016,1.51231114434555E-016,1.4164780604605E-016,1.32491897641444E-016,1.23769260450513E-016,1.15480901987262E-016,1.07623803376693E-016
3.65382888742713E-017,7.08367785479136E-017,1.03020231672135E-016,1.33191967757687E-016,1.61436005872061E-016,1.87818853382029E-016,2.12390996880036E-016,2.35188141192525E-016,2.56232234158231E-016,2.75532308253251E-016,2.93085164793984E-016,3.08875922110885E-016,3.22878445553992E-016,3.18614705905954E-016,3.12418817089564E-016,3.04646820725372E-016,2.95615894458458E-016,2.85606030216032E-016,2.74862286179516E-016,2.63597370551847E-016,2.51994381786847E-016,2.40209580329135E-016,2.28375104870066E-016,2.16601574562425E-016,2.04980539788899E-016,1.93586759667145E-016,1.82480295821976E-016,1.71708420082758E-016,1.61307339456717E-016,1.51303745589692E-016,1.41716198418852E-016,1.32556355202226E-016,1.23830056849297E-016,1.15538283682453E-016,1.07677992588207E-016
3.66023368098964E-017,7.09530344921421E-017,1.03178304985147E-016,1.33382737143876E-016,1.61651469390626E-016,1.88052003526928E-016,2.12635716771763E-016,2.35439118664246E-016,2.56484891113085E-016,2.7578274314912E-016,2.93330106500922E-016,3.09112693703241E-016,3.23104936858681E-016,3.18827316282368E-016,3.12617813376167E-016,3.04832685622628E-016,2.95789252695695E-016,2.85767592018129E-016,2.7501280467537E-016,2.63737610316016E-016,2.52125096187529E-016,2.40331495771327E-016,2.28488910376747E-016,2.16707915434926E-016,2.05080014336677E-016,1.93679918203462E-016,1.82567641291579E-016,1.7179040982612E-016,1.61384387727691E-016,1.51376226533884E-016,1.41784449292429E-016,1.32620679668341E-016,1.23890728234639E-016,1.15595548111838E-016,1.07732071942519E-016
3.66664196057077E-017,7.10693350357382E-017,1.03336414442532E-016,1.33573521557677E-016,1.61866918561664E-016,1.88285105174586E-016,2.12880351971653E-016,2.35689975311133E-016,2.56737392758446E-016,2.76032991047783E-016,2.93574833094447E-016,3.09349226087941E-016,3.23331169048261E-016,3.19039662820761E-016,3.12816544190587E-016,3.05018286031668E-016,2.95962349606264E-016,2.85928897431573E-016,2.75163073139551E-016,2.63877607511227E-016,2.52255576317198E-016,2.40453185844974E-016,2.28602499827346E-016,2.16814049811526E-016,2.05179292062496E-016,1.93772889596137E-016,1.82654809211937E-016,1.71872231460355E-016,1.61461277120161E-016,1.51448557578182E-016,1.41852558960758E-016,1.32684871316686E-016,1.23951274866512E-016,1.15652695518763E-016,1.07786041666759E-016
3.67305372265712E-017,7.1185680102976E-017,1.03494559934958E-016,1.33764320870021E-016,1.62082353253285E-016,1.88518158207605E-016,2.13124902392795E-016,2.35940711090396E-016,2.56989739106347E-016,2.76283052023673E-016,2.93819344715917E-016,3.09585519475031E-016,3.235571424009E-016,3.19251745836553E-016,3.13015009879665E-016,3.05203622324795E-016,2.96135185582071E-016,2.86089946862302E-016,2.75313091986849E-016,2.64017362556431E-016,2.52385822594781E-016,2.40574650965328E-016,2.28715873630307E-016,2.16919978091223E-016,2.0527837335374E-016,1.93865674219203E-016,1.82741799942376E-016,1.71953885329078E-016,1.61538007961336E-016,1.51520739032957E-016,1.41920527717169E-016,1.32748930423543E-016,1.24011697004316E-016,1.15709726146042E-016,1.07839901987558E-016
3.67946896374033E-017,7.13020696182518E-017,1.03652741353298E-016,1.33955134952141E-016,1.62297773333976E-016,1.88751162509013E-016,2.13369367948732E-016,2.36191325959684E-016,2.57241930169209E-016,2.7653292615152E-016,2.94063641506869E-016,3.09821574074587E-016,3.23782857194622E-016,3.19463565644909E-016,3.13213210789888E-016,3.05388694873861E-016,2.96307761014486E-016,2.86250740715636E-016,2.7546286163138E-016,2.64156875869851E-016,2.52515835438444E-016,2.40695891546855E-016,2.28829032193272E-016,2.1702570067221E-016,2.05377258596996E-016,1.93958272445903E-016,1.82828613841453E-016,1.72035371775162E-016,1.61614580577708E-016,1.51592771207894E-016,1.41988355854343E-016,1.32812857264588E-016,1.24071994906877E-016,1.1576664023595E-016,1.07893653131052E-016
3.6858876803171E-017,7.14185035060841E-017,1.03810958588636E-016,1.34145963675566E-016,1.62513178672596E-016,1.88984117962271E-016,2.13613748553456E-016,2.36441819877081E-016,2.57493965959833E-016,2.7678261350635E-016,2.94307723609013E-016,3.10057390096705E-016,3.24008313707303E-016,3.19675122560738E-016,3.1341114726738E-016,3.05573504050259E-016,2.96480076294336E-016,2.86411279396285E-016,2.75612382486585E-016,2.64296147868989E-016,2.52645615265591E-016,2.40816908003234E-016,2.28941975923084E-016,2.17131217951878E-016,2.05475948178049E-016,1.94050684648695E-016,1.82915251266961E-016,1.72116691140737E-016,1.61690995295059E-016,1.51664654412E-016,1.42056043664316E-016,1.32876652114884E-016,1.24132168832451E-016,1.15823438030231E-016,1.07947295322879E-016
3.69230986888912E-017,7.15349816911133E-017,1.03969211532264E-016,1.34336806912122E-016,1.6272856913838E-016,1.89217024451264E-016,2.1385804412141E-016,2.36692192801106E-016,2.57745846491406E-016,2.77032114163484E-016,2.94551591164232E-016,3.1029296775151E-016,3.24233512216676E-016,3.19886416898695E-016,3.1360881965791E-016,3.0575805022493E-016,2.96652131811907E-016,2.8657156330834E-016,2.75761654965226E-016,2.6443517897062E-016,2.52775162492867E-016,2.40937700747359E-016,2.29054705225785E-016,2.17236530326816E-016,2.05574442481888E-016,1.94142911199253E-016,1.83001712575924E-016,1.72197843767192E-016,1.61767252438455E-016,1.51736388953599E-016,1.42123591438478E-016,1.32940315248887E-016,1.24192219038722E-016,1.15880119770094E-016,1.08000828788184E-016
3.69873552596313E-017,7.16515040981013E-017,1.0412750007568E-016,1.34527664533931E-016,1.62943944600935E-016,1.89449881860305E-016,2.14102254567483E-016,2.36942444690714E-016,2.57997571777496E-016,2.77281428198532E-016,2.94795244314579E-016,3.10528307249145E-016,3.24458453000324E-016,3.20097448973179E-016,3.13806228306884E-016,3.05942333768359E-016,2.96823927956946E-016,2.86731592855283E-016,2.75910679479394E-016,2.64573969590797E-016,2.52904477536156E-016,2.4105827019134E-016,2.29167220506623E-016,2.17341638192809E-016,2.05672741892707E-016,1.94234952468467E-016,1.83087998124604E-016,1.72278829995177E-016,1.61843352332254E-016,1.5180797514034E-016,1.42190999467576E-016,1.33003846940444E-016,1.24252145782803E-016,1.15936685696218E-016,1.08054253751616E-016
3.70516464805082E-017,7.17680706519314E-017,1.04285824110592E-016,1.3471853641341E-016,1.63159304930238E-016,1.89682690074129E-016,2.14346379807011E-016,2.37192575505288E-016,2.58249141832046E-016,2.77530555687397E-016,2.95038683202276E-016,3.10763408799775E-016,3.24683136335681E-016,3.2030821909833E-016,3.14003373559349E-016,3.06126355050575E-016,2.96995465118658E-016,2.86891368439978E-016,2.76059456440501E-016,2.64712520144849E-016,2.53033560810583E-016,2.41178616746505E-016,2.29279522170048E-016,2.17446541944844E-016,2.05770846793905E-016,1.94326808826445E-016,1.83174108268498E-016,1.72359650164602E-016,1.61919295300104E-016,1.51879413279193E-016,1.42258268041713E-016,1.33067247462799E-016,1.24311949321239E-016,1.1599313604875E-016,1.08107570437331E-016
3.71159723166891E-017,7.18846812776079E-017,1.04444183528913E-016,1.3490942242327E-016,1.63374649996638E-016,1.89915448977896E-016,2.14590419755775E-016,2.37442585204642E-016,2.5850055666938E-016,2.77779496706269E-016,2.95281907969712E-016,3.10998272613586E-016,3.24907562500033E-016,3.20518727588033E-016,3.1420025575999E-016,3.06310114441151E-016,2.9716674368571E-016,2.87050890464677E-016,2.7620798625929E-016,2.64850831047384E-016,2.53162412730516E-016,2.41298740823398E-016,2.29391610619715E-016,2.17551241977111E-016,2.05868757568087E-016,1.94418480642515E-016,1.83260043362346E-016,1.72440304614644E-016,1.61995081664944E-016,1.5195070367645E-016,1.42325397450353E-016,1.33130517088587E-016,1.24371629910007E-016,1.16049471067306E-016,1.08160779068995E-016
3.71803327333907E-017,7.20013359002559E-017,1.04602578222762E-016,1.35100322436517E-016,1.63589979670852E-016,1.90148158457189E-016,2.14834374329997E-016,2.37692473749016E-016,2.58751816304195E-016,2.78028251331623E-016,2.95524918759444E-016,3.1123289890078E-016,3.25131731770513E-016,3.20728974755913E-016,3.14396875253133E-016,3.06493612309205E-016,2.97337764046224E-016,2.87210159331019E-016,2.76356269345826E-016,2.64988902712287E-016,2.53291033709566E-016,2.41418642831784E-016,2.29503486258485E-016,2.17655738683001E-016,2.05966474597067E-016,1.94509968285226E-016,1.83345803760123E-016,1.72520793683739E-016,1.62070711749007E-016,1.52021846637733E-016,1.42392387982318E-016,1.33193656089842E-016,1.24431187804519E-016,1.16105690990975E-016,1.08213879869779E-016
3.72447276958795E-017,7.21180344451208E-017,1.04761008084465E-016,1.35291236326447E-016,1.63805293823966E-016,1.90380818398009E-016,2.15078243446342E-016,2.37942241099078E-016,2.59002920751561E-016,2.78276819640222E-016,2.95767715714188E-016,3.11467287871576E-016,3.25355644424104E-016,3.20938960915334E-016,3.1459323238274E-016,3.06676849023398E-016,2.97508526587787E-016,2.87369175440031E-016,2.76504306109503E-016,2.65126735552725E-016,2.53419424160588E-016,2.4153832318065E-016,2.29615149488426E-016,2.17760032455109E-016,2.06063998261866E-016,1.94601272122347E-016,1.83431389815048E-016,1.72601117709595E-016,1.62146185873821E-016,1.52092842467986E-016,1.42459239925791E-016,1.33256664737994E-016,1.24490623259619E-016,1.16161796058316E-016,1.08266873062365E-016
3.73091571694714E-017,7.22347768375684E-017,1.04919473006552E-016,1.35482163966651E-016,1.64020592327435E-016,1.90613428686778E-016,2.15322027021915E-016,2.3819188721592E-016,2.5925387002692E-016,2.78525201709107E-016,2.96010298976828E-016,3.11701439736208E-016,3.25579300737634E-016,3.21148686379404E-016,3.14789327492411E-016,3.06859824951934E-016,2.97679031697442E-016,2.87527939192127E-016,2.76652096959044E-016,2.65264329981144E-016,2.53547584495684E-016,2.416577822782E-016,2.29726600710817E-016,2.17864123685235E-016,2.0616132894272E-016,1.94692392520874E-016,1.83516801879582E-016,1.72681277029181E-016,1.62221504360209E-016,1.52163691471483E-016,1.42525953568319E-016,1.33319543303871E-016,1.24549936529587E-016,1.16217786507362E-016,1.08319758868947E-016
3.73736211195318E-017,7.23515630030842E-017,1.05077972881759E-016,1.3567310523101E-016,1.64235875053076E-016,1.90845989210335E-016,2.15565724974258E-016,2.38441412061056E-016,2.59504664146083E-016,2.78773397615605E-016,2.96252668690405E-016,3.11935354704924E-016,3.25802700987779E-016,3.21358151460966E-016,3.14985160925385E-016,3.07042540462562E-016,2.97849279761694E-016,2.87686450987107E-016,2.76799642302497E-016,2.65401686409271E-016,2.53675515126197E-016,2.41777020531865E-016,2.29837840326143E-016,2.17968012764387E-016,2.06258467019072E-016,1.94783329847025E-016,1.83602040305432E-016,1.72761271978739E-016,1.62296667528291E-016,1.52234393951827E-016,1.4259252919681E-016,1.333822920577E-016,1.2460912786814E-016,1.16273662575619E-016,1.08372537511227E-016
3.74381195114753E-017,7.24683928672735E-017,1.05236507603026E-016,1.35864059993697E-016,1.64451141873076E-016,1.91078499855935E-016,2.1580933722135E-016,2.3869081559642E-016,2.5975530312523E-016,2.79021407437319E-016,2.9649482499812E-016,3.12169032987985E-016,3.2602584545106E-016,3.21567356472604E-016,3.15180733024536E-016,3.07224995922572E-016,2.98019271166506E-016,2.87844711224162E-016,2.76946942547241E-016,2.65538805248113E-016,2.53803216462723E-016,2.41896038348296E-016,2.29948868734102E-016,2.1807170008278E-016,2.06355412869582E-016,1.94874084466246E-016,1.83687105443547E-016,1.72841102893779E-016,1.62371675697485E-016,1.52304950211952E-016,1.42658967097537E-016,1.33444911269111E-016,1.24668197528432E-016,1.1632942450007E-016,1.08425209210421E-016
3.75026523107657E-017,7.25852663558609E-017,1.05395077063497E-016,1.36055028129173E-016,1.64666392659983E-016,1.91310960511251E-016,2.16052863681606E-016,2.38940097784368E-016,2.60005786980906E-016,2.79269231252131E-016,2.96736768043332E-016,3.12402474795662E-016,3.26248734403842E-016,3.21776301726638E-016,3.15376044132375E-016,3.07407191698801E-016,2.98189006297302E-016,2.88002720301869E-016,2.77093998099984E-016,2.65675686907964E-016,2.53930688915102E-016,2.42014836133372E-016,2.30059686333605E-016,2.18175186029837E-016,2.06452166872124E-016,1.9496465674321E-016,1.83771997644126E-016,1.72920770109083E-016,1.62446529186512E-016,1.52375360554121E-016,1.42725267556141E-016,1.33507401207132E-016,1.24727145763056E-016,1.16385072517169E-016,1.08477774187258E-016
3.7567219482916E-017,7.27021833946902E-017,1.05553681156517E-016,1.36246009512189E-016,1.64881627286709E-016,1.91543371064368E-016,2.16296304273874E-016,2.39189258587669E-016,2.60256115730021E-016,2.79516869138197E-016,2.96978497969555E-016,3.12635680338236E-016,3.26471368122332E-016,3.21984987535127E-016,3.15571094591048E-016,3.07589128157623E-016,2.98358485538967E-016,2.88160478618196E-016,2.77240809366764E-016,2.65812331798396E-016,2.54057932892424E-016,2.42133414292195E-016,2.30170293522774E-016,2.18278470994195E-016,2.06548729403786E-016,1.95055047041818E-016,1.83856717256614E-016,1.73000273958704E-016,1.62521228313389E-016,1.52445625279932E-016,1.42791430857628E-016,1.33569762140197E-016,1.24785972824044E-016,1.16440606862853E-016,1.08530232661979E-016
3.76318209934879E-017,7.28191439097238E-017,1.05712319775637E-016,1.36437004017785E-016,1.65096845626528E-016,1.91775731403783E-016,2.16539658917434E-016,2.39438297969511E-016,2.60506289389846E-016,2.7976432117395E-016,2.97220014920457E-016,3.12868649825997E-016,3.26693746882581E-016,3.22193414209865E-016,3.15765884742336E-016,3.0777080566496E-016,2.98527709275843E-016,2.88317986570498E-016,2.77387376752948E-016,2.6594874032827E-016,2.54184948803028E-016,2.42251773229096E-016,2.30280690698948E-016,2.18381555363699E-016,2.06645100840877E-016,1.95145255725204E-016,1.83941264629706E-016,1.73079614775971E-016,1.6259577339544E-016,1.52515744690317E-016,1.42857457286373E-016,1.33631994336143E-016,1.24844678962868E-016,1.16496027772532E-016,1.08582584854342E-016
3.76964568080922E-017,7.29361478270428E-017,1.0587099281461E-016,1.36628011521287E-016,1.65312047553076E-016,1.92008041418406E-016,2.16782927531997E-016,2.39687215893496E-016,2.60756307978013E-016,2.80011587438092E-016,2.9746131903986E-016,3.13101383469242E-016,3.2691587096048E-016,3.22401582062381E-016,3.15960414927659E-016,3.07952224586273E-016,2.98696677891735E-016,2.88475244555522E-016,2.77533700663237E-016,2.66084912905728E-016,2.54311737054504E-016,2.42369913347632E-016,2.30390878258679E-016,2.18484439525408E-016,2.06741281558921E-016,1.95235283155731E-016,1.84025640111349E-016,1.73158792893486E-016,1.6267016474929E-016,1.52585719085543E-016,1.42923347126119E-016,1.33694098062212E-016,1.24903264430445E-016,1.16551335481096E-016,1.0863483098362E-016
3.77611268923881E-017,7.30531950728466E-017,1.06029700167388E-016,1.3681903189831E-016,1.65527232940348E-016,1.92240300997558E-016,2.17026110037702E-016,2.39936012323636E-016,2.61006171512515E-016,2.80258668009598E-016,2.97702410471736E-016,3.13333881478272E-016,3.27137740631761E-016,3.22609491403941E-016,3.16154685488065E-016,3.08133385286567E-016,2.98865391769908E-016,2.88632252969402E-016,2.77679781501659E-016,2.66220849938199E-016,2.54438298053696E-016,2.4248783505059E-016,2.30500856597738E-016,2.18587123865597E-016,2.06837271932664E-016,1.95325129694996E-016,1.84109844048741E-016,1.73237808643129E-016,1.62744402690869E-016,1.52655548765213E-016,1.42989100659983E-016,1.33756073585051E-016,1.2496172947713E-016,1.16606530222916E-016,1.08686971268602E-016
3.78258312120836E-017,7.31702855734523E-017,1.06188441728127E-016,1.37010065024753E-016,1.65742401662699E-016,1.92472510030965E-016,2.17269206355117E-016,2.40184687224355E-016,2.61255880011699E-016,2.8050556296771E-016,2.97943289360207E-016,3.13566144063394E-016,3.27359356171995E-016,3.22817142545541E-016,3.16348696764242E-016,3.08314288130388E-016,2.99033851293086E-016,2.88789012207664E-016,2.77825619671579E-016,2.663565518324E-016,2.54564632206697E-016,2.42605538739988E-016,2.30610626111114E-016,2.18689608769754E-016,2.06933072336074E-016,1.95414795703831E-016,1.84193876788335E-016,1.73316662356059E-016,1.62818487535416E-016,1.52725234028269E-016,1.43054718170449E-016,1.33817921170716E-016,1.25020074352725E-016,1.16661612231841E-016,1.08739005927594E-016
3.78905697329353E-017,7.32874192552952E-017,1.06347217391184E-016,1.37201110776803E-016,1.65957553594842E-016,1.92704668408766E-016,2.17512216405235E-016,2.40433240560487E-016,2.61505433494269E-016,2.80752272391938E-016,2.98183955849541E-016,3.13798171434918E-016,3.27580717856592E-016,3.23024535797916E-016,3.16542449096508E-016,3.08494933481825E-016,2.99202056843455E-016,2.88945522665225E-016,2.77971215575692E-016,2.66492018994334E-016,2.54690739918855E-016,2.42723024817074E-016,2.30720187193014E-016,2.18791894622586E-016,2.0702868314234E-016,1.95504281542303E-016,1.84277738675838E-016,1.73395354362712E-016,1.62892419597474E-016,1.52794775172992E-016,1.4312019993938E-016,1.33879641084671E-016,1.25078299306477E-016,1.16716581741206E-016,1.08790935178421E-016
3.79553424207478E-017,7.34045960449278E-017,1.06506027051115E-016,1.3739216903093E-016,1.66172688611846E-016,1.92936776021501E-016,2.17755140109473E-016,2.40681672297272E-016,2.61754831979283E-016,2.80998796362056E-016,2.98424410084156E-016,3.14029963803156E-016,3.27801825960798E-016,3.23231671471529E-016,3.16735942824816E-016,3.08675321704509E-016,2.9937000880266E-016,2.89101784736391E-016,2.78116569616027E-016,2.6662725182929E-016,2.54816621594775E-016,2.4284029368233E-016,2.30829540236867E-016,2.18893981808018E-016,2.07124104723876E-016,1.95593587569717E-016,1.84361430056213E-016,1.73473884992805E-016,1.62966199190899E-016,1.52864172497003E-016,1.43185546248007E-016,1.3394123359179E-016,1.25136404587077E-016,1.16771438983824E-016,1.08842759238428E-016
3.80201492413744E-017,7.35218158690197E-017,1.06664870602678E-016,1.37583239663888E-016,1.66387806589138E-016,1.93168832760119E-016,2.17997977389673E-016,2.40929982400355E-016,2.6200407548615E-016,2.81245134958104E-016,2.9866465220861E-016,3.1426152137842E-016,3.28022680759699E-016,3.23438549876578E-016,3.16929178288751E-016,3.08855453161611E-016,2.99537707551809E-016,2.89257798814862E-016,2.78261682193946E-016,2.66762250741849E-016,2.54942277638313E-016,2.42957345735468E-016,2.30938685635324E-016,2.18995870709193E-016,2.07219337452322E-016,1.95682714144616E-016,1.84444951273682E-016,1.7355225457534E-016,1.63039826628853E-016,1.52933426297266E-016,1.43250757376941E-016,1.34002698956356E-016,1.25194390442666E-016,1.16826184191995E-016,1.08894478324479E-016
3.80849901607164E-017,7.36390786543576E-017,1.06823747940827E-016,1.37774322552715E-016,1.66602907402498E-016,1.93400838515971E-016,2.18240728168097E-016,2.41178170835786E-016,2.62253164034631E-016,2.81491288260383E-016,2.9890468236761E-016,3.1449284437102E-016,3.28243282528213E-016,3.23645171322991E-016,3.17122155827531E-016,3.09035328215846E-016,2.9970515347147E-016,2.89413565293727E-016,2.78406553710149E-016,2.6689701613588E-016,2.55067708452585E-016,2.43074181375439E-016,2.31047623780258E-016,2.19097561708475E-016,2.07314381698544E-016,1.95771661624784E-016,1.84528302671726E-016,1.73630463438599E-016,1.63113302223813E-016,1.53002536870086E-016,1.43315833606169E-016,1.34064037442068E-016,1.25252257120828E-016,1.168808175975E-016,1.08946092652959E-016
3.81498651447229E-017,7.37563843278448E-017,1.0698265896072E-016,1.37965417574732E-016,1.66817990928062E-016,1.93632793180812E-016,2.18483392367428E-016,2.41426237570018E-016,2.62502097644831E-016,2.81737256349453E-016,2.99144500705999E-016,3.14723932991267E-016,3.28463631541095E-016,3.23851536120428E-016,3.17314875780006E-016,3.09214947229469E-016,2.99872346941671E-016,2.89569084565469E-016,2.78551184564668E-016,2.67031548414543E-016,2.55192914439964E-016,2.43190801000428E-016,2.31156355062767E-016,2.19199055187453E-016,2.07409237832636E-016,1.95860430367245E-016,1.84611484593085E-016,1.7370851191015E-016,1.63186626287568E-016,1.53071504511114E-016,1.43380775215053E-016,1.34125249312033E-016,1.25310004868603E-016,1.1693533943161E-016,1.08997602439775E-016
3.82147741593912E-017,7.38737328165009E-017,1.07141603557708E-016,1.3815652460754E-016,1.67033057042317E-016,1.93864696646795E-016,2.18725969910766E-016,2.41674182569903E-016,2.62750876337208E-016,2.81983039306133E-016,2.99384107368763E-016,3.14954787449465E-016,3.28683728072933E-016,3.24057644578278E-016,3.17507338484656E-016,3.09394310564275E-016,3.00039288341903E-016,2.89724357021963E-016,2.7869557515687E-016,2.67165847980289E-016,2.55317896002081E-016,2.43307205007855E-016,2.31264879873173E-016,2.19300351526935E-016,2.07503906223922E-016,1.95949020728265E-016,1.84694497379764E-016,1.73786400316846E-016,1.63259799131221E-016,1.53140329515345E-016,1.43445582482338E-016,1.34186334828776E-016,1.25367633932475E-016,1.1698974992508E-016,1.09049007900357E-016
3.82797171707663E-017,7.39911240474619E-017,1.07300581627345E-016,1.38347643529023E-016,1.67248105622105E-016,1.94096548806477E-016,2.18968460721629E-016,2.41922005802694E-016,2.62999500132559E-016,2.82228637211501E-016,2.99623502501027E-016,3.15185407955917E-016,3.28903572398148E-016,3.24263497005661E-016,3.17699544279596E-016,3.09573418581605E-016,3.00205978051116E-016,2.89879383054476E-016,2.78839725885462E-016,2.67299915234862E-016,2.55442653539826E-016,2.43423393794381E-016,2.31373198601027E-016,2.19401451106957E-016,2.07598387240956E-016,1.96037433063357E-016,1.84777341373028E-016,1.73864128984831E-016,1.6333282106519E-016,1.53209012177123E-016,1.43510255686147E-016,1.34247294254236E-016,1.25425144558383E-016,1.17044049308153E-016,1.09100309249659E-016
3.83446941449411E-017,7.41085579479794E-017,1.07459593065379E-016,1.38538774217344E-016,1.67463136544618E-016,1.94328349552812E-016,2.19210864723951E-016,2.42169707236038E-016,2.63247969052029E-016,2.82474050146888E-016,2.99862686248053E-016,3.15415794720918E-016,3.29123164790994E-016,3.24469093711423E-016,3.17891493502568E-016,3.09752271642335E-016,3.00372416447723E-016,2.9003416305367E-016,2.78983637148486E-016,2.67433750579297E-016,2.55567187453349E-016,2.43539367755904E-016,2.31481311635106E-016,2.1950235430678E-016,2.07692681251527E-016,1.96125667727277E-016,1.84860016913408E-016,1.73941698239533E-016,1.63405692399211E-016,1.53277552790138E-016,1.43574795103986E-016,1.34308127849767E-016,1.25482536991717E-016,1.17098237810559E-016,1.0915150670216E-016
3.84097050480557E-017,7.42260344454206E-017,1.07618637767758E-016,1.38729916550948E-016,1.67678149687396E-016,1.94560098779151E-016,2.19453181842079E-016,2.42417286837983E-016,2.63496283117101E-016,2.82719278193878E-016,3.00101658755237E-016,3.15645947954756E-016,3.29342505525556E-016,3.24674435004143E-016,3.18083186490948E-016,3.09930870106886E-016,3.005386039096E-016,2.90188697409598E-016,2.79127309343321E-016,2.67567354413925E-016,2.55691498142064E-016,2.43655127287564E-016,2.31589219363418E-016,2.19603061504892E-016,2.07786788622653E-016,1.96213725074029E-016,1.84942524340702E-016,1.74019108405673E-016,1.63478413442339E-016,1.53345951647431E-016,1.43639201012741E-016,1.34368835876144E-016,1.25539811477321E-016,1.17152315661521E-016,1.09202600471863E-016
3.84747498462982E-017,7.43435534672682E-017,1.07777715630624E-016,1.38921070408557E-016,1.67893144928331E-016,1.94791796379243E-016,2.19695412000775E-016,2.42664744576965E-016,2.63744442349602E-016,2.82964321434311E-016,3.00340420168111E-016,3.15875867867711E-016,3.29561594875748E-016,3.24879521192122E-016,3.18274623581739E-016,3.1010921433522E-016,3.00704540814082E-016,2.90342986511711E-016,2.79270742866685E-016,2.6770072713837E-016,2.55815586004645E-016,2.4377067278374E-016,2.316969221732E-016,2.1970357307901E-016,2.07880709720591E-016,1.96301605456864E-016,1.85024863993974E-016,1.74096359807265E-016,1.63550984502946E-016,1.53414209041392E-016,1.43703473688685E-016,1.34429418593559E-016,1.25596968259493E-016,1.1720628308975E-016,1.09253590772298E-016
3.85398285059036E-017,7.446111494112E-017,1.07936826550318E-016,1.3911223566917E-016,1.68108122145663E-016,1.9502344224723E-016,2.1993755512521E-016,2.42912080421819E-016,2.63992446771693E-016,2.83209179950273E-016,3.00578970632338E-016,3.16105554670055E-016,3.29780433115316E-016,3.25084352583393E-016,3.18465805111575E-016,3.10287304686837E-016,3.00870227537968E-016,2.90497030748852E-016,2.79413938114637E-016,2.6783386915155E-016,2.55939451439031E-016,2.43886004638055E-016,2.31804420450921E-016,2.1980388940608E-016,2.07974444910833E-016,1.96389309228284E-016,1.85107036211558E-016,1.74173452767611E-016,1.63623405888727E-016,1.53482325263765E-016,1.43767613407475E-016,1.34489876261622E-016,1.25654007581987E-016,1.17260140323448E-016,1.09304477816523E-016
3.86049409931545E-017,7.45787187946885E-017,1.08095970423374E-016,1.39303412212068E-016,1.68323081217978E-016,1.9525503627765E-016,2.20179611140965E-016,2.43159294341766E-016,2.64240296405875E-016,2.834538538241E-016,3.00817310293714E-016,3.16335008572046E-016,3.29999020517834E-016,3.25288929485712E-016,3.18656731416722E-016,3.10465141520782E-016,3.01035664457519E-016,2.90650830509257E-016,2.79556895482571E-016,2.67966780851684E-016,2.56063094842424E-016,2.44001123243376E-016,2.31911714582283E-016,2.19904010862281E-016,2.08067994558107E-016,1.96476836740041E-016,1.85189041331057E-016,1.74250387609313E-016,1.63695677906699E-016,1.53550300605646E-016,1.43831620444155E-016,1.34550209139367E-016,1.25710929688013E-016,1.17313887590312E-016,1.09355261817125E-016
3.86700872743804E-017,7.46963649558007E-017,1.08255147146525E-016,1.39494599916805E-016,1.68538022024209E-016,1.95486578365433E-016,2.20421579974031E-016,2.43406386306418E-016,2.64487991274982E-016,2.83698343138377E-016,3.01055439298164E-016,3.16564229783934E-016,3.30217357356702E-016,3.25493252206563E-016,3.18847402833071E-016,3.10642725195636E-016,3.01200851948457E-016,2.90804386180563E-016,2.79699615365227E-016,2.68099462636283E-016,2.56186516611292E-016,2.44116028991813E-016,2.32018804952222E-016,2.20003937823024E-016,2.08161359026381E-016,1.96564188343141E-016,1.85270879689347E-016,1.74327164654265E-016,1.63767800863203E-016,1.53618135357484E-016,1.43895495073155E-016,1.3461041748525E-016,1.25767734820238E-016,1.17367525117531E-016,1.09405942986217E-016
3.87352673159582E-017,7.4814053352398E-017,1.08414356616694E-016,1.39685798663213E-016,1.68752944443633E-016,1.95718068405898E-016,2.20663461550803E-016,2.43653356285776E-016,2.64735531402182E-016,2.83942647975932E-016,3.0129335779174E-016,3.16793218515953E-016,3.30435443905148E-016,3.25697321053155E-016,3.19037819696146E-016,3.10820056069524E-016,3.01365790385969E-016,2.90957698149797E-016,2.79842098156681E-016,2.68231914902159E-016,2.56309717141371E-016,2.44230722274725E-016,2.32125691944909E-016,2.20103670662952E-016,2.08254538678866E-016,1.96651364387841E-016,1.85352551622576E-016,1.74403784223658E-016,1.63839775063902E-016,1.53685829809087E-016,1.43959237568295E-016,1.34670501557149E-016,1.25824423220791E-016,1.17421053131787E-016,1.09456521535445E-016
3.88004810843113E-017,7.49317839125359E-017,1.08573598731002E-016,1.39877008331399E-016,1.68967848355875E-016,1.95949506294759E-016,2.20905255798086E-016,2.43900204250226E-016,2.64982916810974E-016,2.84186768419837E-016,3.01531065920622E-016,3.17021974978324E-016,3.30653280436229E-016,3.25901136332419E-016,3.19227982341096E-016,3.10997134500111E-016,3.01530480144702E-016,2.91110766803386E-016,2.79984344250353E-016,2.68364138045421E-016,2.56432696827661E-016,2.44345203482715E-016,2.32232375943753E-016,2.20203209755945E-016,2.08347533878011E-016,1.96738365223655E-016,1.85434057466165E-016,1.74480246637984E-016,1.63911600813789E-016,1.53753384249619E-016,1.44022848202785E-016,1.34730461612366E-016,1.25880995131257E-016,1.17474471859261E-016,1.09506997675985E-016
3.88657285459104E-017,7.50495565643836E-017,1.08732873386762E-016,1.40068228801744E-016,1.691827336409E-016,1.96180891928114E-016,2.21146962643084E-016,2.44146930170538E-016,2.65230147525189E-016,2.84430704553409E-016,3.01768563831116E-016,3.17250499381252E-016,3.30870867222823E-016,3.26104698351014E-016,3.19417891102699E-016,3.11173960844601E-016,3.01694921598767E-016,2.91263592527151E-016,2.80126354039005E-016,2.68496132461479E-016,2.56555456064435E-016,2.44459473005635E-016,2.323388573314E-016,2.2030255547512E-016,2.0844034498551E-016,1.96825191199354E-016,1.85515397554815E-016,1.74556552217032E-016,1.63983278417183E-016,1.538207989676E-016,1.44086327249227E-016,1.34790297907631E-016,1.25937450792684E-016,1.17527781525627E-016,1.09557371618545E-016
3.89310096672725E-017,7.51673712362239E-017,1.08892180481483E-016,1.40259459954906E-016,1.69397600179016E-016,1.96412225202453E-016,2.21388582013408E-016,2.44393534017867E-016,2.65477223568984E-016,2.84674456460202E-016,3.02005851669651E-016,3.17478791934924E-016,3.31088204537636E-016,3.26308007415321E-016,3.19607546315364E-016,3.11350535459741E-016,3.0185911512174E-016,2.91416175706313E-016,2.8026812791474E-016,2.68627898545042E-016,2.56677995245231E-016,2.44573531232587E-016,2.32445136489734E-016,2.20401708192831E-016,2.08532972362301E-016,1.96911842662965E-016,1.85596572222499E-016,1.74632701279892E-016,1.64054808177731E-016,1.53888074250912E-016,1.44149674979614E-016,1.34850010699099E-016,1.25993790445582E-016,1.17580982356059E-016,1.09607643573365E-016
3.89963244149615E-017,7.52852278564527E-017,1.09051519912865E-016,1.40450701671812E-016,1.69612447850874E-016,1.96643506014651E-016,2.21630113837067E-016,2.44640015763748E-016,2.65724144966845E-016,2.84918024224012E-016,3.02242929582779E-016,3.17706852849513E-016,3.31305292653196E-016,3.26511063831443E-016,3.19796948313123E-016,3.11526858701816E-016,3.02023061086659E-016,2.91568516725488E-016,2.80409666269009E-016,2.68759436690122E-016,2.56800314762861E-016,2.44687378551923E-016,2.32551213799882E-016,2.2050066828067E-016,2.08625416368567E-016,1.96998319961776E-016,1.85677581802472E-016,1.7470869414496E-016,1.64126190398412E-016,1.53955210386797E-016,1.44212891665333E-016,1.34909600242354E-016,1.26050014329922E-016,1.17634074575227E-016,1.0965781375022E-016
3.90616727555877E-017,7.54031263535791E-017,1.092108915788E-016,1.40641953833666E-016,1.69827276537464E-016,1.96874734261966E-016,2.21871558042471E-016,2.44886375380095E-016,2.6597091174358E-016,2.85161407928871E-016,3.02479797717172E-016,3.17934682335169E-016,3.31522131841854E-016,3.26713867905205E-016,3.19986097429639E-016,3.11702930926653E-016,3.02186759866023E-016,2.91720615968692E-016,2.80550969492601E-016,2.68890747290031E-016,2.56922415009406E-016,2.44801015351246E-016,2.32657089642209E-016,2.20599436109472E-016,2.08717677363739E-016,1.97084623442335E-016,1.85758426627268E-016,1.74784531129932E-016,1.64197425381534E-016,1.5402220766186E-016,1.44275977577167E-016,1.34969066792407E-016,1.26106122685142E-016,1.17687058407303E-016,1.09707882358419E-016
3.91270546558079E-017,7.5521066656225E-017,1.09370295377374E-016,1.40833216321941E-016,1.70042086120118E-016,1.97105909842044E-016,2.22112914558428E-016,2.45132612839204E-016,2.66217523924325E-016,2.85404607659047E-016,3.02716456219622E-016,3.18162280602024E-016,3.31738722375784E-016,3.26916419942157E-016,3.20174993998199E-016,3.11878752489619E-016,3.02350211831799E-016,2.91872473819338E-016,2.80692037975656E-016,2.69021830737387E-016,2.57044296376221E-016,2.44914442017413E-016,2.32762764396325E-016,2.20698012049312E-016,2.08809755706498E-016,1.97170753450452E-016,1.85839107028701E-016,1.74860212551811E-016,1.6426851342874E-016,1.54089066362068E-016,1.44338932985294E-016,1.35028410603703E-016,1.26162115750144E-016,1.17739934075958E-016,1.09757849606805E-016
3.91924700823251E-017,7.56390486931246E-017,1.09529731206864E-016,1.41024489018384E-016,1.70256876480503E-016,1.97337032652913E-016,2.22354183314145E-016,2.45378728113744E-016,2.66463981534534E-016,2.85647623499044E-016,3.02952905237041E-016,3.18389647860188E-016,3.31955064526982E-016,3.27118720247567E-016,3.2036363835172E-016,3.1205432374562E-016,3.02513417355417E-016,2.92024090660239E-016,2.80832872107655E-016,2.69152687424108E-016,2.57165959253934E-016,2.45027658936535E-016,2.32868238441086E-016,2.20796396469508E-016,2.08901651754772E-016,1.97256710331201E-016,1.85919623337869E-016,1.74935738726906E-016,1.64339454841007E-016,1.54155786772754E-016,1.44401758159289E-016,1.35087631930114E-016,1.26217993763295E-016,1.17792701804364E-016,1.09807715703761E-016
3.92579190018886E-017,7.57570723931246E-017,1.09689198965737E-016,1.4121577180501E-016,1.70471647500626E-016,1.97568102592981E-016,2.22595364239223E-016,2.45624721176762E-016,2.66710284599983E-016,2.85890455533596E-016,3.03189144916456E-016,3.18616784319748E-016,3.32171158567263E-016,3.27320769126426E-016,3.20552030822742E-016,3.12229645049105E-016,3.02676376807769E-016,2.92175466873606E-016,2.80973472277427E-016,2.6928331774142E-016,2.57287404032448E-016,2.45140666493977E-016,2.32973512154589E-016,2.20894589738623E-016,2.08993365865742E-016,1.9734249442892E-016,1.85999975885155E-016,1.75011109970834E-016,1.64410249918647E-016,1.54222369178616E-016,1.44464453368127E-016,1.35146731024948E-016,1.26273756962431E-016,1.17845361815195E-016,1.09857480857203E-016
3.93234013812936E-017,7.58751376851835E-017,1.09848698552653E-016,1.41407064564106E-016,1.70686399062833E-016,1.97799119561039E-016,2.22836457263657E-016,2.45870592001677E-016,2.66956433146767E-016,2.86133103847672E-016,3.0342517540501E-016,3.1884369019077E-016,3.32387004768262E-016,3.27522566883443E-016,3.20740171743435E-016,3.1240471675406E-016,3.02839090559213E-016,2.92326602841052E-016,2.81113838873148E-016,2.69413722079854E-016,2.57408631100942E-016,2.45253465074361E-016,2.33078585914181E-016,2.20992592224467E-016,2.09084898395842E-016,1.97428106087213E-016,1.86080165000225E-016,1.7508632659852E-016,1.64480898961309E-016,1.5428881386372E-016,1.44527018880182E-016,1.35205708140945E-016,1.26329405584855E-016,1.17897914330632E-016,1.09907145274588E-016
3.93889171873815E-017,7.59932444983718E-017,1.10008229866461E-016,1.41598367178228E-016,1.70901131049801E-016,1.98030083456256E-016,2.23077462317834E-016,2.46116340562281E-016,2.67202427201297E-016,2.86375568526468E-016,3.03660996849959E-016,3.19070365683293E-016,3.32602603401435E-016,3.2772411382305E-016,3.2092806144559E-016,3.12579539214015E-016,3.03001558979573E-016,2.92477498943588E-016,2.81253972282342E-016,2.69543900829246E-016,2.57529640847869E-016,2.45366055061564E-016,2.33183460096455E-016,2.21090404294094E-016,2.09176249700759E-016,1.97513545648953E-016,1.86160191012033E-016,1.75161388924203E-016,1.64551402267979E-016,1.543551211115E-016,1.44589454963228E-016,1.3526456353028E-016,1.26384939867341E-016,1.17950359572355E-016,1.09956709162911E-016
3.94544663870396E-017,7.61113927618711E-017,1.101677928062E-016,1.41789679530199E-016,1.71115843344546E-016,1.9826099417818E-016,2.23318379332535E-016,2.46361966832736E-016,2.67448266790302E-016,2.86617849655409E-016,3.03896609398674E-016,3.19296811007329E-016,3.32817954738055E-016,3.27925410249394E-016,3.21115700260629E-016,3.12754112782038E-016,3.03163782438137E-016,2.92628155561627E-016,2.8139387289188E-016,2.69673854378741E-016,2.57650433660964E-016,2.45478436838726E-016,2.33288135077255E-016,2.2118802631381E-016,2.09267420135436E-016,1.9759881345628E-016,1.86240054248821E-016,1.75236297261431E-016,1.64621760136984E-016,1.5442129120476E-016,1.44651761884443E-016,1.35323297444565E-016,1.26440360046133E-016,1.18002697761554E-016,1.10006172728709E-016
3.95200489472007E-017,7.62295824049748E-017,1.10327387271098E-016,1.41981001503113E-016,1.71330535830417E-016,1.98491851626736E-016,2.2355920823893E-016,2.46607470787575E-016,2.67693951940823E-016,2.86859947320146E-016,3.04132013198637E-016,3.19523026372867E-016,3.33033059049212E-016,3.28126456466345E-016,3.21303088519595E-016,3.12928437810737E-016,3.03325761303656E-016,2.92778573074983E-016,2.81533541087983E-016,2.6980358311679E-016,2.57771009927237E-016,2.45590610788243E-016,2.33392611231673E-016,2.21285458649167E-016,2.09358410054073E-016,1.97683909850608E-016,1.86319755038122E-016,1.75311051923066E-016,1.64691972865992E-016,1.54487324425675E-016,1.44713939910408E-016,1.35381910134846E-016,1.26495666356945E-016,1.18054929118922E-016,1.10055536178057E-016
3.95856648348435E-017,7.63478133570869E-017,1.10487013160574E-016,1.42172332980328E-016,1.71545208391094E-016,1.98722655702225E-016,2.23799948968578E-016,2.46852852401697E-016,2.67939482680213E-016,2.87101861606557E-016,3.04367208397437E-016,3.19749011989864E-016,3.33247916605814E-016,3.28327252777489E-016,3.2149022655316E-016,3.13102514652261E-016,3.03487495944351E-016,2.92928751862874E-016,2.81672977256221E-016,2.69933087431157E-016,2.57891370032979E-016,2.45702577291773E-016,2.33496888934054E-016,2.21382701664971E-016,2.09449219810126E-016,1.97768835172618E-016,1.86399293706757E-016,1.75385653221286E-016,1.64762040752011E-016,1.54553221055793E-016,1.44775989307106E-016,1.35440401851612E-016,1.26550859034966E-016,1.18107053864662E-016,1.10104799716574E-016
3.96513140169923E-017,7.64660855477224E-017,1.10646670374233E-016,1.42363673845472E-016,1.71759860910593E-016,1.98953406305323E-016,2.24040601453423E-016,2.47098111650368E-016,2.68184859036139E-016,2.87343592600743E-016,3.04602195142775E-016,3.19974768068251E-016,3.33462527678585E-016,3.28527799486129E-016,3.21677114691617E-016,3.13276343658299E-016,3.03648986727905E-016,2.93078692303916E-016,2.81812181781516E-016,2.70062367708912E-016,2.58011514363762E-016,2.45814336730237E-016,2.33600968557996E-016,2.2147975572528E-016,2.09539849756314E-016,1.97853589762267E-016,1.86478670580842E-016,1.75460101467583E-016,1.64831964091395E-016,1.54618981376034E-016,1.44837910339931E-016,1.35498772844788E-016,1.26605938314858E-016,1.18159072218483E-016,1.1015396354942E-016
3.97169964607168E-017,7.65843989065066E-017,1.10806358811869E-016,1.42555023982437E-016,1.71974493273259E-016,1.99184103337078E-016,2.24281165625798E-016,2.47343248509219E-016,2.68430081036573E-016,2.87585140389027E-016,3.04836973582458E-016,3.20200294817927E-016,3.33676892538065E-016,3.28728096895286E-016,3.21863753264886E-016,3.13449925180082E-016,3.03810234021468E-016,2.93228394776132E-016,2.81951155048138E-016,2.70191424336439E-016,2.58131443304441E-016,2.45925889483818E-016,2.3370485047635E-016,2.21576621193403E-016,2.09630300244614E-016,1.97938173958786E-016,1.86557885985786E-016,1.75534396972767E-016,1.64901743179842E-016,1.54684605666695E-016,1.44899703273678E-016,1.35557023363739E-016,1.26660904430757E-016,1.18210984399604E-016,1.10203027881301E-016
3.9782712133132E-017,7.67027533631753E-017,1.10966078373466E-016,1.42746383275379E-016,1.72189105363766E-016,1.99414746698914E-016,2.24521641418419E-016,2.47588262954243E-016,2.68675148709799E-016,2.87826505057952E-016,3.05071543864399E-016,3.20425592448761E-016,3.33891011454607E-016,3.28928145307699E-016,3.22050142602511E-016,3.13623259568379E-016,3.03971238191657E-016,2.93377859656944E-016,2.82089897439712E-016,2.70320257699431E-016,2.5825115723915E-016,2.46037235931963E-016,2.33808535061225E-016,2.21673298431909E-016,2.09720571626266E-016,1.98022588100683E-016,1.86636940246291E-016,1.75608540046969E-016,1.64971378312395E-016,1.54750094207447E-016,1.44961368372555E-016,1.35615153657275E-016,1.26715757616274E-016,1.18262790626757E-016,1.10251992916465E-016
3.98484610013981E-017,7.68211488475741E-017,1.11125828959193E-016,1.42937751608722E-016,1.72403697067121E-016,1.99645336292624E-016,2.24762028764387E-016,2.47833154961795E-016,2.68920062084405E-016,2.88067686694281E-016,3.05305906136616E-016,3.20650661170588E-016,3.34104884698378E-016,3.29127945025822E-016,3.2223628303366E-016,3.13796347173501E-016,3.04131999604555E-016,2.93527087323182E-016,2.82228409339213E-016,2.70448868182895E-016,2.58370656551312E-016,2.46148376453386E-016,2.33912022683983E-016,2.21769787802618E-016,2.09810664251775E-016,1.98106832525741E-016,1.8671583368636E-016,1.75682530999638E-016,1.65040869783445E-016,1.5481544727734E-016,1.45022905900177E-016,1.35673163973646E-016,1.26770498104501E-016,1.18314491118181E-016,1.10300858858708E-016
3.99142430327208E-017,7.69395852896587E-017,1.11285610469405E-016,1.43129128867152E-016,1.72618268268657E-016,1.99875872020371E-016,2.25002327597183E-016,2.48077924508592E-016,2.69164821189284E-016,2.88308685384996E-016,3.0554006054723E-016,3.20875501193211E-016,3.34318512539361E-016,3.29327496351824E-016,3.22422174887126E-016,3.13969188345298E-016,3.04292518625712E-016,2.93676078151079E-016,2.8236669112897E-016,2.70577256171152E-016,2.5848994162363E-016,2.46259311426066E-016,2.34015313715246E-016,2.21866089666612E-016,2.09900578470908E-016,1.98190907571023E-016,1.8679456662929E-016,1.75756370139544E-016,1.65110217886733E-016,1.54880665154803E-016,1.45084316119571E-016,1.35731054560547E-016,1.26825126128003E-016,1.1836608609163E-016,1.10349625911371E-016
3.99800581943506E-017,7.7058062619494E-017,1.11445422804646E-016,1.43320514935618E-016,1.72832818854036E-016,2.00106353784687E-016,2.25242537850669E-016,2.48322571571708E-016,2.69409426053632E-016,2.88549501217293E-016,3.05774007244463E-016,3.21100112726398E-016,3.34531895247349E-016,3.29526799587591E-016,3.22607818491324E-016,3.14141783433162E-016,3.04452795620146E-016,2.9382483251627E-016,2.82504743190668E-016,2.70705422047837E-016,2.58609012838097E-016,2.46370041227252E-016,2.34118408524896E-016,2.21962204384229E-016,2.09990314632702E-016,1.98274813572873E-016,1.86873139397678E-016,1.75830057774781E-016,1.65179422915348E-016,1.54945748117644E-016,1.45145599293175E-016,1.35788825665118E-016,1.26879641918828E-016,1.18417575764371E-016,1.10398294277342E-016
4.00459064535828E-017,7.71765807672544E-017,1.11605265865643E-016,1.43511909699333E-016,1.73047348709246E-016,2.00336781488475E-016,2.25482659459088E-016,2.48567096128575E-016,2.69653876706949E-016,2.88790134278584E-016,3.06007746376641E-016,3.21324495979882E-016,3.34745033091947E-016,3.29725855034724E-016,3.22793214174294E-016,3.14314132786024E-016,3.0461283095234E-016,2.93973350793799E-016,2.82642565905343E-016,2.708333661959E-016,2.58727870575991E-016,2.4648056623346E-016,2.34221307482075E-016,2.22058132315069E-016,2.10079873085459E-016,1.98358550866915E-016,1.86951552313422E-016,1.75903594212768E-016,1.65248485161731E-016,1.55010696443051E-016,1.45206755682841E-016,1.35846477533946E-016,1.26934045708502E-016,1.18468960353184E-016,1.10446864159058E-016
4.0111787777758E-017,7.72951396632233E-017,1.11765139553312E-016,1.43703313043771E-016,1.73261857720601E-016,2.00567155035E-016,2.2572269235706E-016,2.48811498156981E-016,2.69898173179032E-016,2.89030584656495E-016,3.06241278092184E-016,3.2154865116336E-016,3.34957926342573E-016,3.29924662994537E-016,3.22978362263699E-016,3.14486236752357E-016,3.04772624986247E-016,2.94121633358114E-016,2.8278015965339E-016,2.70961088997609E-016,2.58846515217878E-016,2.46590886820476E-016,2.34324010955184E-016,2.22153873817993E-016,2.10169254176752E-016,1.98442119788056E-016,1.87029805697724E-016,1.75976979760249E-016,1.65317404917678E-016,1.55075510407598E-016,1.45267785549833E-016,1.35904010413063E-016,1.26988337728032E-016,1.18520240074365E-016,1.10495335758504E-016
4.01777021342611E-017,7.74137392377929E-017,1.11925043768752E-016,1.43894724854667E-016,1.73476345774739E-016,2.00797474327897E-016,2.25962636479579E-016,2.49055777635067E-016,2.7014231549998E-016,2.89270852438862E-016,3.06474602539616E-016,3.21772578486488E-016,3.35170575268453E-016,3.30123223768057E-016,3.23163263086824E-016,3.14658095680174E-016,3.04932178085287E-016,2.9426968058307E-016,2.82917524814556E-016,2.71088590834545E-016,2.58964947143613E-016,2.46701003363359E-016,2.34426519311891E-016,2.22249429251126E-016,2.10258458253421E-016,1.98525520670489E-016,1.87107899871085E-016,1.76050214723294E-016,1.65386182474335E-016,1.55140190287239E-016,1.45328689154833E-016,1.35961424547952E-016,1.27042518207909E-016,1.18571415143728E-016,1.10543709277218E-016
4.02436494905219E-017,7.7532379421464E-017,1.12084978413247E-016,1.44086145018019E-016,1.73690812758625E-016,2.01027739271162E-016,2.26202491762019E-016,2.4929993454133E-016,2.70386303700186E-016,2.89510937713734E-016,3.06707719867554E-016,3.21996278158889E-016,3.35382980138625E-016,3.30321537656028E-016,3.2334791697058E-016,3.14829709917027E-016,3.05091490612349E-016,2.94417492841928E-016,2.83054661767948E-016,2.71215872087613E-016,2.59083166732344E-016,2.46810916236441E-016,2.34528832919126E-016,2.22344798971856E-016,2.10347485661583E-016,1.98608753847689E-016,1.87185835153316E-016,1.76123299407302E-016,1.65454818122208E-016,1.55204736357317E-016,1.45389466757939E-016,1.36018720183544E-016,1.27096587378107E-016,1.18622485776602E-016,1.10591984916285E-016
4.03096298140148E-017,7.76510601448458E-017,1.12244943388265E-016,1.44277573420083E-016,1.73905258559545E-016,2.01257949769158E-016,2.26442258140125E-016,2.49543968854614E-016,2.70630137810341E-016,2.89750840569368E-016,3.06940630224711E-016,3.22219750390141E-016,3.35595141221935E-016,3.30519604958905E-016,3.23532324241496E-016,3.15001079810012E-016,3.05250562929789E-016,2.94565070507357E-016,2.83191570892031E-016,2.71342933137031E-016,2.59201174362506E-016,2.46920625813326E-016,2.34630952143084E-016,2.22439983336838E-016,2.10436336746623E-016,1.98691819652422E-016,1.87263611863529E-016,1.76196234117002E-016,1.65523312151155E-016,1.55269148892558E-016,1.45450118618667E-016,1.36075897564224E-016,1.27150545468082E-016,1.18673452187834E-016,1.10640162876344E-016
4.03756430722585E-017,7.77697813386553E-017,1.12404938595458E-016,1.44469009947374E-016,1.74119683065107E-016,2.01488105726608E-016,2.26681935550014E-016,2.49787880554118E-016,2.70873817861429E-016,2.89990561094227E-016,3.07173333759896E-016,3.22442995389786E-016,3.35807058787038E-016,3.30717425976855E-016,3.23716485225729E-016,3.15172205705764E-016,3.05409395399433E-016,2.94712413951434E-016,2.83328252564625E-016,2.71469774362341E-016,2.59318970411829E-016,2.47030132466892E-016,2.34732877349229E-016,2.22534982701993E-016,2.10525011853205E-016,1.98774718416741E-016,1.87341230320148E-016,1.76269019156454E-016,1.65591664850395E-016,1.55333428167076E-016,1.45510644995952E-016,1.36132956933824E-016,1.27204392706778E-016,1.18724314591792E-016,1.10688243357588E-016
